430849.680 3411775.340 427.210 0.000
430850.290 3411776.080 427.260 0.000
430850.390 3411776.180 427.270 0.000
430850.440 3411776.270 427.230 0.000
430851.180 3411777.400 427.190 0.000
430851.300 3411777.520 427.200 0.000
430851.360 3411777.600 427.190 0.000
430851.420 3411777.700 427.180 0.000
430851.540 3411777.850 427.190 0.000
430851.720 3411778.080 427.190 0.000
430851.920 3411778.340 427.210 0.000
430852.190 3411778.730 427.200 0.000
430852.280 3411778.820 427.200 0.000
430852.330 3411778.910 427.180 0.000
430852.440 3411779.060 427.210 0.000
430852.610 3411779.300 427.200 0.000
430853.120 3411779.690 427.270 0.000
430853.240 3411779.870 427.220 0.000
430853.320 3411779.970 427.210 0.000
430853.550 3411780.510 427.180 0.000
430853.660 3411780.880 427.170 0.000
430854.120 3411781.410 427.180 0.000
430854.210 3411781.480 427.200 0.000
430854.570 3411781.680 427.180 0.000
430854.770 3411781.940 427.200 0.000
430854.980 3411782.200 427.190 0.000
430855.130 3411782.380 427.190 0.000
430855.200 3411782.490 427.180 0.000
430855.250 3411782.570 427.190 0.000
430855.320 3411782.690 427.170 0.000
430855.460 3411782.860 427.170 0.000
430855.640 3411783.100 427.160 0.000
430856.000 3411783.600 427.170 0.000
430856.110 3411783.730 427.120 0.000
430856.170 3411783.800 427.150 0.000
430856.240 3411783.900 427.160 0.000
430856.380 3411784.070 427.160 0.000
430856.690 3411784.660 427.160 0.000
430856.870 3411784.900 427.160 0.000
430857.010 3411785.040 427.190 0.000
430857.080 3411785.120 427.150 0.000
430857.130 3411785.180 427.170 0.000
430857.220 3411785.320 427.140 0.000
430857.400 3411785.540 427.180 0.000
430857.900 3411785.940 427.180 0.000
430858.350 3411786.590 427.140 0.000
430858.560 3411786.860 427.160 0.000
430859.000 3411787.460 427.170 0.000
430859.110 3411787.580 427.150 0.000
430859.540 3411788.400 427.160 0.000
430859.710 3411788.590 427.160 0.000
430859.790 3411788.700 427.170 0.000
430859.850 3411788.770 427.170 0.000
430859.940 3411788.870 427.160 0.000
430860.640 3411789.730 427.150 0.000
430860.740 3411789.820 427.170 0.000
430861.080 3411790.030 427.140 0.000
430861.360 3411790.610 427.160 0.000
430861.530 3411790.840 427.150 0.000
430861.660 3411790.980 427.150 0.000
430861.750 3411791.060 427.140 0.000
430861.810 3411791.140 427.150 0.000
430861.920 3411791.280 427.150 0.000
430862.100 3411791.490 427.160 0.000
430862.320 3411791.740 427.140 0.000
430862.500 3411791.980 427.140 0.000
430862.620 3411792.160 427.130 0.000
430862.750 3411792.310 427.120 0.000
430862.820 3411792.410 427.130 0.000
430862.960 3411792.610 427.170 0.000
430863.160 3411792.880 427.130 0.000
430863.360 3411793.140 427.120 0.000
430863.470 3411793.300 427.120 0.000
430863.520 3411793.390 427.090 0.000
430864.200 3411794.270 427.120 0.000
430864.350 3411794.460 427.100 0.000
430864.430 3411794.560 427.110 0.000
430864.560 3411794.720 427.120 0.000
430864.700 3411794.880 427.110 0.000
430864.900 3411795.140 427.110 0.000
430865.380 3411795.750 427.070 0.000
430865.770 3411796.300 427.060 0.000
430865.940 3411796.550 427.080 0.000
430866.070 3411796.770 427.080 0.000
430866.460 3411797.140 427.040 0.000
430866.620 3411797.370 427.010 0.000
430866.820 3411797.630 426.980 0.000
430867.180 3411798.120 427.050 0.000
430867.240 3411798.190 427.010 0.000
430867.320 3411798.300 427.020 0.000
430867.500 3411798.530 427.040 0.000
430867.720 3411798.810 427.020 0.000
430868.090 3411799.240 427.010 0.000
430868.230 3411799.410 427.040 0.000
430868.320 3411799.500 427.000 0.000
430868.460 3411799.680 427.020 0.000
430868.760 3411800.280 427.060 0.000
430868.910 3411800.460 427.020 0.000
430868.990 3411800.570 427.030 0.000
430869.120 3411800.730 427.030 0.000
430869.250 3411800.900 427.020 0.000
430869.430 3411801.140 427.020 0.000
430869.930 3411801.550 427.060 0.000
430870.060 3411801.690 427.080 0.000
430870.110 3411801.770 427.090 0.000
430870.380 3411802.380 427.020 0.000
430870.580 3411802.660 427.010 0.000
430871.070 3411803.110 427.030 0.000
430871.140 3411803.270 426.990 0.000
430871.500 3411803.740 427.020 0.000
430871.750 3411804.170 426.980 0.000
430871.820 3411804.260 426.980 0.000
430871.870 3411804.330 427.010 0.000
430872.400 3411804.900 426.990 0.000
430872.780 3411805.500 426.990 0.000
430872.840 3411805.590 426.960 0.000
430872.940 3411805.720 426.980 0.000
430873.280 3411806.250 426.960 0.000
430873.500 3411806.540 426.980 0.000
430873.850 3411806.790 426.950 0.000
430874.320 3411807.350 426.970 0.000
430874.770 3411807.840 426.940 0.000
430874.860 3411807.980 426.960 0.000
430875.090 3411808.290 426.960 0.000
430875.260 3411808.560 426.940 0.000
430875.720 3411809.040 426.960 0.000
430875.820 3411809.240 426.920 0.000
430876.100 3411809.560 426.920 0.000
430876.290 3411809.840 426.910 0.000
430876.510 3411810.160 426.930 0.000
430876.940 3411810.670 426.910 0.000
430877.120 3411810.810 426.890 0.000
430877.250 3411811.070 426.910 0.000
430877.620 3411811.680 426.930 0.000
430877.840 3411811.820 426.940 0.000
430878.010 3411812.010 426.930 0.000
430878.290 3411812.310 426.960 0.000
430878.450 3411812.660 426.900 0.000
430878.650 3411813.000 426.910 0.000
430878.960 3411813.320 426.910 0.000
430879.140 3411813.480 426.890 0.000
430879.270 3411813.700 426.900 0.000
430879.760 3411814.260 426.860 0.000
430880.150 3411814.700 426.900 0.000
430880.280 3411815.040 426.880 0.000
430880.750 3411815.530 426.910 0.000
430880.900 3411815.820 426.890 0.000
430881.180 3411816.170 426.890 0.000
430881.530 3411816.550 426.900 0.000
430881.890 3411817.180 426.860 0.000
430882.120 3411817.320 426.880 0.000
430882.410 3411817.680 426.880 0.000
430882.890 3411818.200 426.900 0.000
430883.100 3411818.510 426.870 0.000
430883.370 3411818.800 426.920 0.000
430883.880 3411819.590 426.860 0.000
430884.320 3411820.070 426.860 0.000
430884.460 3411820.220 426.870 0.000
430884.600 3411820.580 426.860 0.000
430885.070 3411821.150 426.840 0.000
430885.440 3411821.510 426.840 0.000
430885.620 3411821.700 426.820 0.000
430885.740 3411821.920 426.860 0.000
430885.930 3411822.230 426.800 0.000
430886.420 3411822.760 426.860 0.000
430886.530 3411822.970 426.820 0.000
430886.790 3411823.350 426.780 0.000
430886.950 3411823.630 426.820 0.000
430887.410 3411824.160 426.800 0.000
430887.660 3411824.440 426.810 0.000
430887.990 3411824.930 426.790 0.000
430888.490 3411825.500 426.770 0.000
430888.770 3411825.920 426.760 0.000
430888.830 3411826.070 426.750 0.000
430889.290 3411826.610 426.750 0.000
430889.760 3411827.080 426.810 0.000
430889.960 3411827.410 426.740 0.000
430890.080 3411827.630 426.720 0.000
430656.200 3411526.600 427.950 0.000
430656.440 3411526.920 427.920 0.000
430656.630 3411527.110 427.930 0.000
430657.250 3411527.500 427.930 0.000
430657.440 3411527.640 427.930 0.000
430657.490 3411527.860 427.920 0.000
430658.060 3411528.600 427.910 0.000
430658.240 3411528.750 427.920 0.000
430658.360 3411528.820 427.940 0.000
430658.560 3411529.170 427.920 0.000
430659.010 3411530.200 427.910 0.000
430659.890 3411530.840 427.920 0.000
430659.890 3411531.400 427.910 0.000
430660.240 3411531.920 427.930 0.000
430660.500 3411532.140 427.940 0.000
430660.750 3411532.510 427.920 0.000
430660.840 3411532.680 427.920 0.000
430661.070 3411533.010 427.920 0.000
430661.340 3411533.240 427.940 0.000
430661.910 3411533.470 427.950 0.000
430662.040 3411533.660 427.940 0.000
430662.770 3411534.670 427.920 0.000
430663.050 3411534.870 427.920 0.000
430663.520 3411535.550 427.940 0.000
430663.760 3411535.880 427.920 0.000
430664.620 3411536.850 427.930 0.000
430664.830 3411537.750 427.920 0.000
430665.020 3411538.050 427.920 0.000
430665.190 3411538.300 427.890 0.000
430665.500 3411538.590 427.920 0.000
430665.570 3411538.720 427.910 0.000
430665.680 3411538.940 427.900 0.000
430665.850 3411539.210 427.900 0.000
430666.250 3411539.640 427.920 0.000
430666.800 3411539.780 427.920 0.000
430667.630 3411540.700 427.900 0.000
430667.770 3411540.910 427.910 0.000
430668.140 3411541.420 427.920 0.000
430668.300 3411541.660 427.900 0.000
430668.410 3411541.810 427.900 0.000
430668.480 3411541.890 427.910 0.000
430668.540 3411541.960 427.920 0.000
430668.650 3411542.110 427.980 0.000
430668.830 3411542.340 427.910 0.000
430669.040 3411542.600 427.900 0.000
430669.390 3411542.990 427.930 0.000
430669.850 3411543.770 427.870 0.000
430670.060 3411543.970 427.870 0.000
430670.180 3411544.100 427.900 0.000
430670.260 3411544.170 427.890 0.000
430670.370 3411544.440 427.870 0.000
430671.210 3411545.450 427.910 0.000
430671.460 3411545.840 427.870 0.000
430671.670 3411546.060 427.890 0.000
430672.090 3411546.640 427.870 0.000
430672.580 3411547.200 427.880 0.000
430672.820 3411547.420 427.900 0.000
430673.400 3411548.130 427.920 0.000
430673.570 3411548.850 427.870 0.000
430673.680 3411549.130 427.840 0.000
430673.870 3411549.390 427.830 0.000
430674.030 3411549.580 427.840 0.000
430674.250 3411549.760 427.840 0.000
430674.520 3411549.970 427.860 0.000
430674.780 3411550.170 427.860 0.000
430674.950 3411550.290 427.840 0.000
430676.020 3411551.610 427.870 0.000
430676.030 3411552.310 427.860 0.000
430677.610 3411554.210 427.840 0.000
430677.970 3411554.230 427.850 0.000
430678.050 3411554.290 427.820 0.000
430678.640 3411555.020 427.850 0.000
430678.870 3411555.230 427.840 0.000
430679.050 3411555.510 427.830 0.000
430679.250 3411555.800 427.820 0.000
430679.390 3411556.120 427.850 0.000
430679.700 3411556.770 427.840 0.000
430680.120 3411557.220 427.780 0.000
430680.320 3411557.410 427.810 0.000
430680.680 3411558.000 427.830 0.000
430680.960 3411558.220 427.820 0.000
430681.040 3411558.280 427.810 0.000
430681.180 3411558.380 427.830 0.000
430681.380 3411558.560 427.780 0.000
430681.740 3411559.170 427.790 0.000
430681.950 3411559.360 427.800 0.000
430682.210 3411559.700 427.820 0.000
430682.290 3411559.960 427.790 0.000
430682.690 3411560.530 427.790 0.000
430682.910 3411560.730 427.810 0.000
430683.080 3411560.850 427.800 0.000
430683.230 3411561.080 427.800 0.000
430683.390 3411561.250 427.800 0.000
430683.510 3411561.560 427.800 0.000
430683.970 3411562.010 427.780 0.000
430684.110 3411562.140 427.810 0.000
430684.210 3411562.210 427.820 0.000
430684.320 3411562.290 427.760 0.000
430684.540 3411562.790 427.790 0.000
430684.790 3411563.080 427.790 0.000
430685.010 3411563.320 427.790 0.000
430685.150 3411563.480 427.790 0.000
430685.240 3411563.580 427.790 0.000
430685.490 3411563.800 427.790 0.000
430685.690 3411564.060 427.780 0.000
430685.960 3411564.370 427.790 0.000
430686.260 3411564.910 427.760 0.000
430686.440 3411565.320 427.780 0.000
430686.630 3411565.520 427.780 0.000
430686.860 3411565.800 427.780 0.000
430687.080 3411566.070 427.790 0.000
430687.240 3411566.250 427.780 0.000
430687.350 3411566.360 427.780 0.000
430687.420 3411566.440 427.790 0.000
430687.530 3411566.600 427.810 0.000
430687.730 3411566.820 427.770 0.000
430688.360 3411567.580 427.820 0.000
430688.490 3411567.710 427.790 0.000
430688.760 3411568.250 427.780 0.000
430689.000 3411568.520 427.790 0.000
430689.260 3411568.790 427.790 0.000
430689.560 3411569.200 427.790 0.000
430689.750 3411569.380 427.830 0.000
430689.870 3411569.560 427.780 0.000
430690.060 3411569.820 427.790 0.000
430690.290 3411570.120 427.780 0.000
430690.500 3411570.370 427.760 0.000
430690.630 3411570.540 427.790 0.000
430690.710 3411570.670 427.810 0.000
430690.800 3411570.800 427.770 0.000
430690.940 3411570.950 427.790 0.000
430691.120 3411571.210 427.760 0.000
430691.340 3411571.500 427.780 0.000
430691.560 3411571.760 427.770 0.000
430691.830 3411572.080 427.800 0.000
430691.920 3411572.210 427.780 0.000
430692.150 3411572.700 427.780 0.000
430692.380 3411572.990 427.770 0.000
430692.590 3411573.270 427.780 0.000
430692.770 3411573.710 427.770 0.000
430692.830 3411573.820 427.770 0.000
430692.930 3411573.970 427.760 0.000
430693.080 3411574.180 427.760 0.000
430693.300 3411574.440 427.780 0.000
430693.940 3411574.940 427.760 0.000
430694.300 3411575.330 427.770 0.000
430694.500 3411575.650 427.730 0.000
430694.610 3411576.060 427.760 0.000
430695.040 3411576.570 427.740 0.000
430695.110 3411576.700 427.760 0.000
430695.220 3411576.900 427.750 0.000
430695.390 3411577.200 427.750 0.000
430695.600 3411577.510 427.740 0.000
430695.780 3411577.780 427.740 0.000
430695.890 3411577.970 427.740 0.000
430696.500 3411578.500 427.740 0.000
430696.810 3411578.730 427.740 0.000
430697.100 3411578.930 427.710 0.000
430697.370 3411579.280 427.740 0.000
430697.850 3411579.910 427.730 0.000
430697.990 3411580.230 427.730 0.000
430698.270 3411580.510 427.690 0.000
430698.430 3411580.720 427.720 0.000
430698.880 3411581.190 427.710 0.000
430699.130 3411581.740 427.720 0.000
430699.330 3411581.920 427.710 0.000
430699.850 3411582.400 427.770 0.000
430699.990 3411582.710 427.710 0.000
430700.220 3411583.010 427.720 0.000
430700.560 3411583.300 427.730 0.000
430700.700 3411583.610 427.700 0.000
430701.100 3411584.100 427.720 0.000
430701.260 3411584.340 427.700 0.000
430701.470 3411584.580 427.710 0.000
430701.850 3411585.130 427.690 0.000
430702.140 3411585.520 427.670 0.000
430702.370 3411585.770 427.690 0.000
430702.580 3411585.930 427.680 0.000
430702.910 3411586.430 427.700 0.000
430703.170 3411586.670 427.760 0.000
430703.390 3411587.030 427.690 0.000
430703.550 3411587.350 427.700 0.000
430703.960 3411587.690 427.730 0.000
430704.280 3411588.140 427.710 0.000
430704.420 3411588.450 427.690 0.000
430704.760 3411588.870 427.790 0.000
430704.870 3411589.060 427.710 0.000
430705.020 3411589.280 427.700 0.000
430705.230 3411589.490 427.680 0.000
430705.470 3411589.720 427.660 0.000
430705.770 3411590.100 427.660 0.000
430706.350 3411590.750 427.670 0.000
430706.600 3411591.110 427.690 0.000
430706.670 3411591.260 427.690 0.000
430706.940 3411591.610 427.680 0.000
430707.280 3411592.130 427.690 0.000
430707.450 3411592.250 427.690 0.000
430707.540 3411592.400 427.680 0.000
430708.160 3411593.110 427.680 0.000
430708.310 3411593.420 427.720 0.000
430708.510 3411593.750 427.720 0.000
430708.840 3411594.270 427.720 0.000
430709.020 3411594.440 427.710 0.000
430709.130 3411594.810 427.680 0.000
430709.990 3411595.550 427.690 0.000
430710.140 3411595.780 427.690 0.000
430710.300 3411595.960 427.710 0.000
430710.620 3411596.430 427.700 0.000
430710.960 3411596.820 427.640 0.000
430711.090 3411597.000 427.680 0.000
430711.440 3411597.490 427.690 0.000
430711.680 3411597.690 427.700 0.000
430711.880 3411597.960 427.630 0.000
430712.020 3411598.160 427.680 0.000
430712.410 3411598.640 427.680 0.000
430712.780 3411599.230 427.690 0.000
430713.390 3411600.070 427.660 0.000
430713.730 3411600.350 427.680 0.000
430714.080 3411600.880 427.670 0.000
430714.360 3411601.100 427.670 0.000
430714.630 3411601.420 427.650 0.000
430714.880 3411601.750 427.670 0.000
430715.010 3411602.040 427.680 0.000
430715.420 3411602.520 427.670 0.000
430715.610 3411602.700 427.650 0.000
430715.930 3411603.160 427.650 0.000
430715.810 3411603.650 427.670 0.000
430716.600 3411604.840 427.650 0.000
430717.290 3411605.010 427.650 0.000
430717.440 3411605.070 427.650 0.000
430717.710 3411605.490 427.640 0.000
430718.160 3411606.000 427.660 0.000
430718.250 3411606.230 427.660 0.000
430718.920 3411607.240 427.650 0.000
430719.410 3411607.460 427.680 0.000
430719.720 3411607.980 427.640 0.000
430720.110 3411608.470 427.650 0.000
430720.320 3411608.660 427.660 0.000
430720.660 3411609.110 427.660 0.000
430721.090 3411609.610 427.690 0.000
430721.180 3411609.820 427.640 0.000
430721.240 3411609.920 427.670 0.000
430722.040 3411610.940 427.660 0.000
430722.340 3411611.410 427.640 0.000
430722.420 3411612.170 427.650 0.000
430722.510 3411612.370 427.650 0.000
430722.610 3411612.720 427.650 0.000
430722.700 3411612.940 427.640 0.000
430722.860 3411613.250 427.640 0.000
430723.170 3411613.780 427.630 0.000
430723.650 3411614.080 427.640 0.000
430724.210 3411614.420 427.650 0.000
430724.570 3411614.730 427.640 0.000
430724.690 3411614.950 427.660 0.000
430725.740 3411615.630 427.760 0.000
430725.850 3411615.860 427.650 0.000
430726.280 3411616.720 427.640 0.000
430726.390 3411616.880 427.630 0.000
430726.500 3411617.000 427.660 0.000
430726.770 3411617.200 427.640 0.000
430726.940 3411617.460 427.650 0.000
430727.110 3411617.690 427.650 0.000
430727.350 3411617.890 427.630 0.000
430727.380 3411617.960 427.630 0.000
430728.140 3411618.880 427.600 0.000
430728.290 3411619.170 427.630 0.000
430728.420 3411619.340 427.630 0.000
430728.580 3411619.580 427.640 0.000
430728.760 3411619.850 427.600 0.000
430728.920 3411620.050 427.660 0.000
430729.000 3411620.170 427.590 0.000
430729.080 3411620.310 427.630 0.000
430729.190 3411620.470 427.640 0.000
430729.640 3411620.890 427.610 0.000
430729.760 3411621.110 427.610 0.000
430730.020 3411621.420 427.580 0.000
430730.170 3411621.640 427.650 0.000
430730.580 3411622.080 427.640 0.000
430730.660 3411622.270 427.580 0.000
430730.740 3411622.410 427.640 0.000
430731.230 3411622.960 427.620 0.000
430731.410 3411623.210 427.640 0.000
430731.520 3411623.380 427.660 0.000
430731.610 3411623.540 427.650 0.000
430731.680 3411623.630 427.650 0.000
430731.780 3411623.820 427.640 0.000
430732.240 3411624.260 427.610 0.000
430732.360 3411624.430 427.600 0.000
430732.400 3411624.530 427.620 0.000
430732.870 3411625.030 427.570 0.000
430732.950 3411625.400 427.640 0.000
430733.870 3411626.770 427.630 0.000
430734.090 3411626.830 427.610 0.000
430734.380 3411627.010 427.540 0.000
430734.540 3411627.220 427.630 0.000
430734.740 3411627.480 427.620 0.000
430734.890 3411627.720 427.620 0.000
430735.000 3411627.880 427.640 0.000
430735.070 3411627.970 427.640 0.000
430735.110 3411628.040 427.630 0.000
430735.180 3411628.150 427.620 0.000
430735.320 3411628.370 427.610 0.000
430735.510 3411628.640 427.610 0.000
430735.920 3411628.970 427.580 0.000
430736.060 3411629.150 427.570 0.000
430736.280 3411629.440 427.570 0.000
430736.480 3411629.720 427.600 0.000
430736.700 3411629.970 427.600 0.000
430737.000 3411630.350 427.630 0.000
430737.090 3411630.450 427.590 0.000
430737.540 3411631.150 427.610 0.000
430737.650 3411631.670 427.600 0.000
430738.360 3411632.270 427.600 0.000
430738.630 3411632.440 427.550 0.000
430738.750 3411632.610 427.600 0.000
430738.830 3411632.720 427.590 0.000
430738.880 3411632.820 427.580 0.000
430738.990 3411632.990 427.610 0.000
430739.160 3411633.240 427.580 0.000
430739.690 3411634.000 427.600 0.000
430739.780 3411634.100 427.600 0.000
430739.840 3411634.170 427.610 0.000
430739.920 3411634.290 427.610 0.000
430740.050 3411634.500 427.610 0.000
430740.570 3411634.950 427.630 0.000
430740.680 3411635.160 427.630 0.000
430740.750 3411635.290 427.600 0.000
430740.910 3411635.490 427.610 0.000
430741.320 3411635.920 427.620 0.000
430741.540 3411636.220 427.610 0.000
430741.700 3411636.470 427.590 0.000
430742.160 3411636.940 427.630 0.000
430742.330 3411637.230 427.590 0.000
430742.530 3411637.540 427.640 0.000
430743.010 3411638.000 427.660 0.000
430743.140 3411638.310 427.600 0.000
430743.290 3411638.560 427.610 0.000
430743.750 3411639.100 427.610 0.000
430743.860 3411639.330 427.610 0.000
430744.030 3411640.100 427.610 0.000
430744.850 3411640.680 427.600 0.000
430745.300 3411640.950 427.600 0.000
430745.430 3411641.200 427.610 0.000
430745.610 3411641.510 427.600 0.000
430745.810 3411641.830 427.580 0.000
430746.130 3411642.200 427.600 0.000
430746.440 3411642.600 427.590 0.000
430746.890 3411643.150 427.590 0.000
430747.160 3411643.330 427.600 0.000
430747.350 3411643.590 427.640 0.000
430747.600 3411643.840 427.670 0.000
430747.710 3411644.160 427.600 0.000
430794.800 3411704.510 427.510 3.000
430794.990 3411704.880 427.380 3.000
430795.190 3411705.080 427.400 3.000
430795.430 3411705.330 427.400 3.000
430795.680 3411705.860 427.410 3.000
430795.790 3411705.970 427.400 3.000
430796.010 3411706.450 427.380 3.000
430796.230 3411706.710 427.400 3.000
430796.510 3411707.280 427.380 3.000
430796.630 3411707.410 427.380 3.000
430796.730 3411707.490 427.400 3.000
430796.860 3411707.580 427.410 3.000
430797.610 3411708.600 427.380 3.000
430797.740 3411708.710 427.390 3.000
430797.840 3411708.790 427.380 3.000
430797.950 3411708.870 427.380 3.000
430798.310 3411709.230 427.390 3.000
430798.550 3411709.500 427.380 3.000
430798.760 3411709.720 427.390 3.000
430799.090 3411710.230 427.370 3.000
430799.300 3411710.440 427.400 3.000
430799.520 3411710.710 427.400 3.000
430799.910 3411711.130 427.390 3.000
430799.990 3411711.400 427.380 3.000
430800.010 3411711.650 427.390 3.000
430800.090 3411711.970 427.370 3.000
430800.230 3411712.330 427.380 3.000
430800.440 3411712.570 427.370 3.000
430800.600 3411712.730 427.370 3.000
430800.850 3411712.890 427.380 3.000
430801.520 3411713.780 427.390 3.000
430801.670 3411713.940 427.370 3.000
430801.920 3411714.300 427.380 3.000
430802.090 3411714.490 427.380 3.000
430802.690 3411714.910 427.380 3.000
430802.650 3411715.270 427.370 3.000
430802.790 3411715.750 427.370 3.000
430802.870 3411715.990 427.360 3.000
430803.360 3411716.500 427.360 3.000
430803.700 3411716.610 427.350 3.000
430803.870 3411716.710 427.380 3.000
430803.980 3411716.780 427.360 3.000
430804.110 3411716.870 427.370 3.000
430804.290 3411717.010 427.340 3.000
430805.090 3411717.930 427.360 3.000
430805.530 3411718.990 427.370 3.000
430805.770 3411719.210 427.350 3.000
430806.190 3411719.600 427.370 3.000
430806.610 3411719.890 427.410 3.000
430806.780 3411720.230 427.390 3.000
430806.830 3411720.620 427.370 3.000
430806.910 3411720.860 427.350 3.000
430806.960 3411721.040 427.360 3.000
430807.250 3411721.490 427.360 3.000
430807.810 3411721.960 427.370 3.000
430808.660 3411722.560 427.370 3.000
430809.140 3411723.470 427.350 3.000
430809.500 3411723.870 427.330 3.000
430809.830 3411724.360 427.370 3.000
430810.320 3411724.860 427.370 3.000
430810.460 3411725.060 427.440 3.000
430810.600 3411725.310 427.370 3.000
430810.690 3411725.500 427.360 3.000
430810.860 3411725.730 427.380 3.000
430811.360 3411726.220 427.380 3.000
430811.490 3411726.440 427.370 3.000
430811.580 3411726.570 427.370 3.000
430811.980 3411726.980 427.380 3.000
430812.410 3411727.580 427.360 3.000
430812.560 3411727.800 427.390 3.000
430812.990 3411728.110 427.400 3.000
430813.240 3411728.740 427.360 3.000
430813.470 3411729.040 427.350 3.000
430813.870 3411729.550 427.350 3.000
430813.990 3411729.670 427.360 3.000
430814.130 3411729.840 427.350 3.000
430814.330 3411730.090 427.360 3.000
430814.530 3411730.390 427.340 3.000
430814.730 3411730.620 427.350 3.000
430814.860 3411730.770 427.320 3.000
430814.930 3411730.860 427.320 3.000
430815.000 3411730.970 427.340 3.000
430815.150 3411731.140 427.330 3.000
430815.360 3411731.390 427.360 3.000
430815.580 3411731.690 427.360 3.000
430815.780 3411731.960 427.330 3.000
430815.940 3411732.150 427.290 3.000
430816.130 3411732.350 427.280 3.000
430816.250 3411732.500 427.310 3.000
430816.450 3411732.740 427.300 3.000
430816.900 3411733.300 427.330 3.000
430817.060 3411733.520 427.310 3.000
430817.180 3411733.650 427.340 3.000
430817.250 3411733.740 427.320 3.000
430817.330 3411733.850 427.310 3.000
430817.470 3411734.080 427.310 3.000
430817.680 3411734.350 427.320 3.000
430817.890 3411734.630 427.310 3.000
430818.280 3411735.040 427.300 3.000
430818.370 3411735.170 427.300 3.000
430818.490 3411735.410 427.310 3.000
430818.670 3411735.730 427.280 3.000
430819.220 3411736.350 427.300 3.000
430819.440 3411736.540 427.290 3.000
430819.580 3411736.740 427.310 3.000
430820.060 3411737.290 427.320 3.000
430820.220 3411737.580 427.320 3.000
430820.330 3411737.770 427.310 3.000
430820.490 3411737.950 427.270 3.000
430820.830 3411738.320 427.310 3.000
430821.210 3411738.850 427.280 3.000
430821.290 3411739.080 427.280 3.000
430821.690 3411739.700 427.270 3.000
430822.310 3411740.090 427.290 3.000
430822.490 3411740.280 427.300 3.000
430822.640 3411740.390 427.320 3.000
430822.760 3411740.660 427.350 3.000
430823.070 3411741.240 427.300 3.000
430823.320 3411741.500 427.310 3.000
430823.490 3411741.710 427.280 3.000
430823.680 3411741.930 427.310 3.000
430824.100 3411742.490 427.280 3.000
430824.310 3411742.760 427.310 3.000
430824.480 3411742.980 427.300 3.000
430824.570 3411743.130 427.320 3.000
430824.690 3411743.350 427.300 3.000
430825.080 3411743.690 427.330 3.000
430825.270 3411744.000 427.290 3.000
430825.740 3411744.480 427.360 3.000
430825.890 3411744.820 427.300 3.000
430826.080 3411745.080 427.310 3.000
430826.260 3411745.400 427.310 3.000
430826.650 3411745.810 427.300 3.000
430826.900 3411746.110 427.320 3.000
430827.030 3411746.360 427.310 3.000
430827.220 3411746.660 427.300 3.000
430827.370 3411746.940 427.300 3.000
430827.620 3411747.180 427.280 3.000
430827.830 3411747.360 427.250 3.000
430828.270 3411747.830 427.280 3.000
430828.800 3411748.740 427.300 3.000
430829.220 3411749.170 427.300 3.000
430829.780 3411749.770 427.290 3.000
430829.830 3411749.870 427.320 3.000
430830.400 3411750.710 427.290 3.000
430830.570 3411750.940 427.310 3.000
430830.680 3411751.080 427.300 3.000
430830.740 3411751.160 427.300 3.000
430830.820 3411751.260 427.320 3.000
430830.940 3411751.450 427.290 3.000
430831.160 3411751.700 427.300 3.000
430831.360 3411751.980 427.300 3.000
430831.540 3411752.220 427.300 3.000
430831.770 3411752.460 427.290 3.000
430831.850 3411752.560 427.320 3.000
430832.190 3411752.960 427.330 3.000
430832.530 3411753.560 427.280 3.000
430832.690 3411753.740 427.290 3.000
430832.920 3411753.910 427.290 3.000
430833.200 3411754.230 427.310 3.000
430833.520 3411754.830 427.280 3.000
430833.680 3411755.010 427.270 3.000
430833.860 3411755.180 427.300 3.000
430833.980 3411755.280 427.280 3.000
430834.160 3411755.480 427.240 3.000
430834.400 3411755.740 427.270 3.000
430834.530 3411756.090 427.290 3.000
430834.740 3411756.460 427.250 3.000
430834.900 3411756.710 427.280 3.000
430835.650 3411757.360 427.270 3.000
430835.940 3411757.740 427.280 3.000
430836.280 3411758.080 427.260 3.000
430836.520 3411758.250 427.320 3.000
430836.640 3411758.590 427.250 3.000
430836.940 3411759.000 427.240 3.000
430837.080 3411759.180 427.260 3.000
430837.380 3411759.580 427.220 3.000
430837.570 3411759.910 427.270 3.000
430838.080 3411760.460 427.230 3.000
430838.390 3411760.940 427.230 3.000
430838.850 3411761.480 427.220 3.000
430839.150 3411761.920 427.260 3.000
430839.210 3411762.070 427.230 3.000
430839.590 3411762.540 427.250 3.000
430839.990 3411762.970 427.250 3.000
430840.170 3411763.170 427.200 3.000
430840.230 3411763.320 427.240 3.000
430840.610 3411763.760 427.240 3.000
430841.030 3411764.260 427.210 3.000
430841.330 3411764.620 427.230 3.000
430841.450 3411764.820 427.240 3.000
430841.630 3411765.090 427.250 3.000
430841.820 3411765.410 427.260 3.000
430841.980 3411765.680 427.250 3.000
430842.310 3411766.000 427.230 3.000
430842.540 3411766.450 427.230 3.000
430842.990 3411766.910 427.240 3.000
430843.210 3411767.020 427.220 3.000
430843.270 3411767.140 427.210 3.000
430843.320 3411767.240 427.250 3.000
430843.390 3411767.390 427.230 3.000
430843.540 3411767.660 427.240 3.000
430843.740 3411767.970 427.240 3.000
430844.160 3411768.360 427.220 3.000
430844.240 3411768.500 427.250 3.000
430844.390 3411768.740 427.250 3.000
430844.830 3411769.180 427.230 3.000
430845.370 3411769.960 427.240 3.000
430845.440 3411770.070 427.200 3.000
430845.580 3411770.230 427.230 3.000
430845.760 3411770.490 427.220 3.000
430846.250 3411770.930 427.200 3.000
430846.360 3411771.060 427.230 3.000
430846.400 3411771.150 427.220 3.000
430846.450 3411771.260 427.220 3.000
430846.620 3411771.780 427.230 3.000
430846.810 3411772.060 427.200 3.000
430847.420 3411772.400 427.230 3.000
430847.490 3411772.490 427.230 3.000
430847.600 3411772.670 427.210 3.000
430847.780 3411772.910 427.220 3.000
430848.010 3411773.180 427.240 3.000
430773.720 3411677.570 427.530 10.000
430773.880 3411677.840 427.530 10.000
430774.390 3411678.420 427.540 10.000
430774.760 3411678.790 427.540 10.000
430774.820 3411678.890 427.550 10.000
430774.830 3411679.000 427.510 10.000
430775.420 3411679.850 427.530 10.000
430775.730 3411680.210 427.520 10.000
430776.360 3411681.080 427.480 10.000
430776.530 3411681.430 427.520 10.000
430776.820 3411681.740 427.490 10.000
430776.980 3411682.020 427.490 10.000
430777.580 3411682.500 427.500 10.000
430778.130 3411683.350 427.500 10.000
430778.530 3411683.820 427.520 10.000
430778.920 3411684.270 427.480 10.000
430779.370 3411684.790 427.520 10.000
430779.480 3411685.010 427.490 10.000
430779.670 3411685.290 427.470 10.000
430779.780 3411685.520 427.470 10.000
430780.390 3411686.150 427.500 10.000
430780.570 3411686.450 427.480 10.000
430780.940 3411686.920 427.490 10.000
430781.100 3411687.230 427.460 10.000
430781.380 3411687.580 427.460 10.000
430781.770 3411687.890 427.450 10.000
430781.930 3411688.200 427.460 10.000
430782.420 3411689.020 427.440 10.000
430782.660 3411689.240 427.460 10.000
430782.900 3411689.440 427.450 10.000
430783.290 3411689.960 427.460 10.000
430783.560 3411690.190 427.490 10.000
430783.870 3411690.580 427.550 10.000
430784.240 3411691.120 427.470 10.000
430784.450 3411691.400 427.420 10.000
430784.610 3411691.640 427.440 10.000
430785.020 3411692.140 427.440 10.000
430785.360 3411692.620 427.440 10.000
430785.530 3411692.800 427.420 10.000
430785.750 3411693.120 427.410 10.000
430786.380 3411693.870 427.450 10.000
430786.510 3411694.090 427.430 10.000
430786.700 3411694.390 427.440 10.000
430786.950 3411694.640 427.430 10.000
430787.350 3411695.190 427.440 10.000
430787.590 3411695.370 427.440 10.000
430787.770 3411695.660 427.420 10.000
430788.370 3411696.500 427.430 10.000
430788.610 3411696.840 427.420 10.000
430788.760 3411696.960 427.440 10.000
430788.980 3411697.150 427.460 10.000
430789.310 3411697.750 427.430 10.000
430789.580 3411697.930 427.440 10.000
430789.880 3411698.430 427.410 10.000
430790.140 3411698.680 427.440 10.000
430790.560 3411699.130 427.420 10.000
430749.210 3411646.230 427.610 10.000
430749.420 3411646.420 427.580 10.000
430749.680 3411646.800 427.600 10.000
430749.870 3411646.980 427.600 10.000
430750.320 3411647.480 427.600 10.000
430750.490 3411647.710 427.590 10.000
430751.010 3411648.280 427.610 10.000
430751.230 3411648.570 427.590 10.000
430751.460 3411648.840 427.580 10.000
430751.750 3411649.260 427.570 10.000
430752.280 3411650.030 427.570 10.000
430752.500 3411650.360 427.550 10.000
430752.860 3411650.700 427.620 10.000
430753.180 3411651.120 427.580 10.000
430753.580 3411651.710 427.560 10.000
430753.900 3411652.150 427.560 10.000
430754.010 3411652.230 427.560 10.000
430754.140 3411652.320 427.560 10.000
430754.430 3411652.760 427.570 10.000
430754.890 3411653.300 427.540 10.000
430755.520 3411654.070 427.570 10.000
430755.850 3411654.660 427.570 10.000
430756.170 3411655.210 427.550 10.000
430756.640 3411655.770 427.530 10.000
430756.870 3411656.040 427.520 10.000
430757.030 3411656.250 427.530 10.000
430757.160 3411656.400 427.540 10.000
430757.360 3411656.590 427.510 10.000
430757.490 3411656.760 427.530 10.000
430757.680 3411657.010 427.530 10.000
430757.900 3411657.280 427.510 10.000
430758.100 3411657.510 427.500 10.000
430758.240 3411657.670 427.520 10.000
430758.340 3411657.780 427.500 10.000
430758.460 3411657.880 427.520 10.000
430758.810 3411658.280 427.490 10.000
430759.200 3411659.150 427.520 10.000
430759.380 3411659.300 427.520 10.000
430759.510 3411659.420 427.510 10.000
430759.710 3411659.610 427.530 10.000
430759.930 3411659.860 427.520 10.000
430760.310 3411660.440 427.510 10.000
430760.860 3411661.130 427.510 10.000
430761.080 3411661.370 427.500 10.000
430761.440 3411661.690 427.510 10.000
430761.590 3411661.930 427.500 10.000
430762.040 3411662.310 427.570 10.000
430762.170 3411662.630 427.500 10.000
430762.450 3411663.170 427.510 10.000
430762.650 3411663.440 427.520 10.000
430762.770 3411663.730 427.490 10.000
430763.150 3411664.190 427.510 10.000
430763.350 3411664.410 427.490 10.000
430763.600 3411664.660 427.490 10.000
430763.850 3411664.820 427.500 10.000
430764.020 3411665.120 427.520 10.000
430764.380 3411665.460 427.480 10.000
430764.580 3411665.850 427.510 10.000
430764.920 3411666.350 427.470 10.000
430765.430 3411666.750 427.520 10.000
430765.480 3411666.810 427.550 10.000
430765.570 3411666.950 427.510 10.000
430765.830 3411667.520 427.520 10.000
430766.380 3411668.580 427.500 10.000
430766.630 3411668.840 427.490 10.000
430766.750 3411669.170 427.500 10.000
430767.430 3411669.800 427.520 10.000
430767.820 3411669.940 427.520 10.000
430768.220 3411670.420 427.550 10.000
430768.440 3411670.760 427.530 10.000
430768.530 3411670.940 427.530 10.000
430768.910 3411671.400 427.530 10.000
430769.020 3411671.630 427.520 10.000
430769.200 3411671.860 427.520 10.000
430769.280 3411672.050 427.510 10.000
430769.440 3411672.320 427.510 10.000
430769.600 3411672.630 427.500 10.000
430770.150 3411673.040 427.540 10.000
430770.510 3411673.360 427.560 10.000
430770.720 3411673.660 427.540 10.000
430771.200 3411674.210 427.560 10.000
430771.240 3411674.270 427.550 10.000
430771.260 3411674.390 427.520 10.000
430771.650 3411675.440 427.510 10.000
430771.700 3411675.590 427.510 10.000
430771.730 3411675.680 427.510 10.000
430771.770 3411675.770 427.500 10.000
430771.860 3411675.950 427.520 10.000
430772.590 3411676.560 427.520 10.000
430773.250 3411677.120 427.540 10.000
430848.490 3411773.800 427.210 20.000
430794.800 3411704.510 427.510 29.000
430836.520 3411758.250 427.320 31.000
