430706.900 3411587.560 427.720 0.000
430706.800 3411587.430 427.730 0.000
430706.590 3411587.120 427.710 0.000
430706.190 3411586.610 427.740 0.000
430705.870 3411586.170 427.730 0.000
430705.680 3411586.030 427.740 0.000
430705.570 3411585.720 427.740 0.000
430705.200 3411585.230 427.730 0.000
430705.070 3411585.150 427.740 0.000
430704.820 3411584.890 427.770 0.000
430704.490 3411584.390 427.770 0.000
430704.150 3411584.010 427.790 0.000
430703.990 3411583.780 427.750 0.000
430703.760 3411583.570 427.870 0.000
430703.380 3411583.040 427.780 0.000
430703.010 3411582.540 427.820 0.000
430702.880 3411582.290 427.770 0.000
430702.460 3411581.750 427.790 0.000
430702.250 3411581.500 427.760 0.000
430702.090 3411581.290 427.810 0.000
430701.740 3411580.860 427.780 0.000
430701.370 3411580.420 427.780 0.000
430701.200 3411580.260 427.780 0.000
430700.930 3411579.950 427.810 0.000
430700.770 3411579.640 427.760 0.000
430700.330 3411579.160 427.820 0.000
430700.160 3411578.960 427.810 0.000
430700.110 3411578.820 427.790 0.000
430700.000 3411578.590 427.750 0.000
430699.580 3411578.050 427.750 0.000
430699.260 3411577.730 427.760 0.000
430699.100 3411577.560 427.800 0.000
430698.990 3411577.370 427.780 0.000
430698.930 3411576.980 427.780 0.000
430698.190 3411576.280 427.780 0.000
430698.010 3411576.210 427.880 0.000
430697.910 3411576.030 427.820 0.000
430697.510 3411575.460 427.790 0.000
430697.340 3411575.160 427.790 0.000
430697.230 3411574.960 427.770 0.000
430696.880 3411574.590 427.770 0.000
430696.730 3411574.320 427.790 0.000
430696.500 3411574.000 427.780 0.000
430696.180 3411573.790 427.780 0.000
430695.900 3411573.480 427.900 0.000
430695.410 3411572.700 427.800 0.000
430695.200 3411572.440 427.790 0.000
430694.780 3411572.050 427.900 0.000
430694.660 3411571.920 427.890 0.000
430694.590 3411571.630 427.800 0.000
430694.150 3411571.050 427.810 0.000
430693.810 3411570.660 427.800 0.000
430693.710 3411570.540 427.810 0.000
430693.610 3411570.400 427.800 0.000
430693.430 3411570.210 427.800 0.000
430693.230 3411569.950 427.810 0.000
430693.000 3411569.650 427.800 0.000
430692.830 3411569.400 427.810 0.000
430692.680 3411569.250 427.790 0.000
430692.590 3411569.120 427.810 0.000
430692.500 3411569.000 427.800 0.000
430692.380 3411568.810 427.800 0.000
430692.170 3411568.570 427.790 0.000
430691.940 3411568.270 427.790 0.000
430691.750 3411568.010 427.800 0.000
430691.530 3411567.750 427.810 0.000
430691.440 3411567.650 427.810 0.000
430691.310 3411567.470 427.790 0.000
430691.140 3411567.240 427.830 0.000
430690.880 3411566.970 427.820 0.000
430690.640 3411566.690 427.830 0.000
430690.370 3411566.340 427.850 0.000
430690.230 3411566.030 427.790 0.000
430690.070 3411565.820 427.820 0.000
430689.860 3411565.550 427.800 0.000
430689.610 3411565.270 427.820 0.000
430689.410 3411565.050 427.810 0.000
430689.300 3411564.900 427.810 0.000
430689.120 3411564.700 427.840 0.000
430688.960 3411564.520 427.810 0.000
430688.740 3411564.240 427.850 0.000
430688.520 3411563.970 427.860 0.000
430688.310 3411563.550 427.810 0.000
430688.230 3411563.460 427.820 0.000
430688.140 3411563.360 427.800 0.000
430687.970 3411563.190 427.830 0.000
430687.730 3411562.910 427.860 0.000
430687.580 3411562.500 427.800 0.000
430687.370 3411562.260 427.820 0.000
430687.220 3411562.120 427.820 0.000
430687.130 3411562.030 427.840 0.000
430687.030 3411561.930 427.820 0.000
430686.900 3411561.760 427.860 0.000
430686.530 3411561.150 427.810 0.000
430686.330 3411560.900 427.820 0.000
430686.090 3411560.660 427.860 0.000
430686.000 3411560.590 427.860 0.000
430685.770 3411560.150 427.810 0.000
430685.520 3411559.900 427.890 0.000
430685.220 3411559.450 427.820 0.000
430685.100 3411559.360 427.850 0.000
430684.910 3411559.080 427.840 0.000
430684.680 3411558.880 427.820 0.000
430684.430 3411558.640 427.850 0.000
430684.090 3411558.160 427.850 0.000
430683.960 3411558.060 427.870 0.000
430683.620 3411557.620 427.850 0.000
430683.260 3411557.010 427.850 0.000
430682.920 3411556.730 427.860 0.000
430682.860 3411556.510 427.810 0.000
430682.790 3411556.270 427.840 0.000
430681.380 3411554.490 427.850 0.000
430681.130 3411554.260 427.840 0.000
430680.800 3411553.920 427.850 0.000
430680.630 3411553.780 427.860 0.000
430680.520 3411553.480 427.860 0.000
430680.100 3411552.900 427.850 0.000
430678.140 3411550.580 427.880 0.000
430677.880 3411550.210 427.870 0.000
430677.590 3411549.870 427.890 0.000
430677.450 3411549.550 427.830 0.000
430677.190 3411549.280 427.870 0.000
430676.980 3411549.090 427.910 0.000
430676.820 3411548.890 427.880 0.000
430676.410 3411548.420 427.980 0.000
430676.250 3411548.120 427.890 0.000
430676.010 3411547.770 427.870 0.000
430675.860 3411547.610 427.880 0.000
430675.570 3411547.210 427.880 0.000
430675.410 3411546.900 427.880 0.000
430674.980 3411546.560 427.930 0.000
430674.580 3411545.990 427.890 0.000
430674.220 3411545.450 427.890 0.000
430674.050 3411545.310 427.890 0.000
430673.840 3411545.020 427.880 0.000
430673.540 3411544.530 427.860 0.000
430673.450 3411544.210 427.860 0.000
430672.360 3411542.810 427.880 0.000
430672.130 3411542.650 427.840 0.000
430672.050 3411542.570 427.860 0.000
430671.930 3411542.440 427.870 0.000
430671.730 3411542.230 427.860 0.000
430671.500 3411541.970 427.870 0.000
430671.320 3411541.760 427.870 0.000
430671.140 3411541.560 427.880 0.000
430671.070 3411541.490 427.920 0.000
430670.970 3411541.350 427.920 0.000
430670.800 3411541.160 427.880 0.000
430670.590 3411540.900 427.930 0.000
430670.410 3411540.670 427.950 0.000
430670.060 3411540.210 427.930 0.000
430669.890 3411539.990 427.900 0.000
430669.710 3411539.720 427.930 0.000
430669.520 3411539.470 427.890 0.000
430669.390 3411539.270 427.900 0.000
430668.990 3411538.790 427.990 0.000
430669.050 3411538.330 427.880 0.000
430667.050 3411535.930 427.870 0.000
430666.690 3411535.520 427.880 0.000
430666.480 3411535.320 427.880 0.000
430666.250 3411535.170 427.900 0.000
430666.080 3411534.870 427.900 0.000
430666.050 3411534.490 427.880 0.000
430664.920 3411533.340 427.890 0.000
430664.780 3411533.290 427.900 0.000
430664.640 3411533.140 427.890 0.000
430664.290 3411532.700 427.900 0.000
430663.940 3411532.280 427.930 0.000
430663.790 3411532.090 427.910 0.000
430663.430 3411531.520 427.900 0.000
430663.170 3411531.280 427.920 0.000
430662.990 3411531.100 428.030 0.000
430662.720 3411530.690 427.910 0.000
430662.340 3411530.190 427.920 0.000
430662.110 3411529.810 427.910 0.000
430662.110 3411529.700 427.910 0.000
430661.220 3411528.500 427.920 0.000
430661.110 3411528.470 427.920 0.000
430660.970 3411528.370 427.930 0.000
430660.890 3411528.100 427.910 0.000
430660.170 3411527.400 427.940 0.000
430660.110 3411527.220 427.940 0.000
430660.040 3411526.970 427.900 0.000
430659.470 3411526.220 427.910 0.000
430659.400 3411526.170 427.920 0.000
430659.300 3411526.100 427.930 0.000
430658.980 3411525.640 427.920 0.000
430658.730 3411525.380 427.920 0.000
430658.540 3411525.190 427.920 0.000
430658.400 3411525.090 428.000 0.000
430658.290 3411524.870 427.920 0.000
430893.320 3411828.060 426.700 0.000
430893.130 3411827.720 426.670 0.000
430892.750 3411827.280 426.680 0.000
430892.610 3411827.090 426.710 0.000
430892.530 3411826.910 426.680 0.000
430892.100 3411826.380 426.700 0.000
430891.710 3411825.950 426.710 0.000
430891.550 3411825.770 426.820 0.000
430891.500 3411825.630 426.720 0.000
430891.360 3411825.390 426.710 0.000
430891.140 3411825.050 426.690 0.000
430890.830 3411824.780 426.750 0.000
430890.490 3411824.340 426.730 0.000
430890.230 3411824.040 426.740 0.000
430890.040 3411823.720 426.740 0.000
430889.600 3411823.190 426.740 0.000
430889.410 3411822.990 426.760 0.000
430889.160 3411822.700 426.800 0.000
430888.690 3411822.170 426.800 0.000
430888.530 3411821.890 426.740 0.000
430888.330 3411821.650 426.760 0.000
430888.270 3411821.520 426.750 0.000
430887.880 3411821.100 426.840 0.000
430887.680 3411820.770 426.760 0.000
430887.480 3411820.470 426.770 0.000
430887.210 3411820.190 426.770 0.000
430886.810 3411819.690 426.790 0.000
430886.620 3411819.350 426.770 0.000
430886.090 3411818.860 426.880 0.000
430886.060 3411818.610 426.770 0.000
430885.740 3411818.040 426.780 0.000
430885.440 3411817.790 426.790 0.000
430885.210 3411817.640 426.820 0.000
430884.950 3411817.290 426.820 0.000
430884.530 3411816.840 426.910 0.000
430884.160 3411816.220 426.820 0.000
430883.870 3411815.870 426.840 0.000
430883.470 3411815.410 426.860 0.000
430883.270 3411815.100 426.860 0.000
430882.930 3411814.720 426.850 0.000
430882.640 3411814.360 426.860 0.000
430882.500 3411814.080 426.860 0.000
430882.040 3411813.580 426.880 0.000
430881.790 3411813.330 426.950 0.000
430881.680 3411813.070 426.860 0.000
430881.520 3411812.810 426.870 0.000
430881.200 3411812.560 426.920 0.000
430881.020 3411812.250 426.880 0.000
430880.710 3411811.870 426.890 0.000
430880.520 3411811.450 426.900 0.000
430879.750 3411810.450 426.890 0.000
430879.590 3411810.370 426.910 0.000
430879.200 3411809.930 426.920 0.000
430879.010 3411809.620 426.910 0.000
430878.730 3411809.300 426.930 0.000
430878.430 3411808.980 426.950 0.000
430878.270 3411808.700 426.930 0.000
430878.040 3411808.390 426.930 0.000
430877.670 3411808.000 427.040 0.000
430877.630 3411807.900 426.950 0.000
430877.580 3411807.790 426.930 0.000
430877.470 3411807.600 426.940 0.000
430877.010 3411807.100 426.940 0.000
430876.840 3411806.840 426.950 0.000
430876.620 3411806.630 426.950 0.000
430876.540 3411806.390 426.960 0.000
430876.080 3411805.900 426.960 0.000
430875.920 3411805.630 426.950 0.000
430875.610 3411805.340 426.980 0.000
430875.540 3411805.200 426.980 0.000
430875.160 3411804.700 426.990 0.000
430874.950 3411804.400 426.970 0.000
430874.810 3411804.180 426.980 0.000
430874.720 3411804.040 427.000 0.000
430874.660 3411803.960 426.980 0.000
430874.160 3411803.450 427.020 0.000
430872.910 3411801.820 427.010 0.000
430872.740 3411801.520 427.020 0.000
430872.460 3411801.120 427.000 0.000
430872.260 3411800.840 427.020 0.000
430872.060 3411800.600 427.020 0.000
430871.710 3411800.330 427.170 0.000
430871.400 3411799.960 427.140 0.000
430871.200 3411799.690 427.100 0.000
430871.020 3411799.450 427.080 0.000
430870.880 3411799.280 427.100 0.000
430870.810 3411799.190 427.090 0.000
430870.750 3411799.120 427.070 0.000
430870.680 3411799.010 427.070 0.000
430870.520 3411798.830 427.110 0.000
430870.310 3411798.570 427.130 0.000
430870.120 3411798.320 427.130 0.000
430869.980 3411798.140 427.140 0.000
430869.850 3411797.800 427.060 0.000
430869.710 3411797.610 427.070 0.000
430869.490 3411797.360 427.080 0.000
430869.260 3411797.080 427.070 0.000
430869.090 3411796.860 427.080 0.000
430868.950 3411796.680 427.090 0.000
430868.880 3411796.590 427.090 0.000
430868.770 3411796.410 427.090 0.000
430868.600 3411796.170 427.080 0.000
430868.390 3411795.920 427.080 0.000
430868.230 3411795.690 427.100 0.000
430867.840 3411795.330 427.120 0.000
430867.360 3411794.630 427.110 0.000
430866.870 3411793.980 427.110 0.000
430866.660 3411793.700 427.140 0.000
430866.470 3411793.450 427.130 0.000
430866.330 3411793.290 427.130 0.000
430866.200 3411793.130 427.120 0.000
430866.130 3411793.020 427.130 0.000
430865.970 3411792.840 427.140 0.000
430865.750 3411792.560 427.150 0.000
430865.320 3411792.000 427.150 0.000
430865.290 3411791.950 427.130 0.000
430865.240 3411791.860 427.140 0.000
430865.130 3411791.690 427.160 0.000
430864.840 3411791.090 427.140 0.000
430864.390 3411790.720 427.160 0.000
430864.270 3411790.550 427.160 0.000
430864.090 3411790.310 427.150 0.000
430863.860 3411790.060 427.160 0.000
430863.690 3411789.840 427.170 0.000
430863.430 3411789.550 427.170 0.000
430863.310 3411789.410 427.180 0.000
430863.250 3411789.080 427.170 0.000
430862.550 3411788.440 427.190 0.000
430862.420 3411788.290 427.180 0.000
430862.250 3411788.090 427.200 0.000
430862.050 3411787.820 427.200 0.000
430861.860 3411787.580 427.210 0.000
430861.440 3411786.870 427.210 0.000
430860.910 3411786.440 427.230 0.000
430860.540 3411785.940 427.220 0.000
430860.420 3411785.760 427.200 0.000
430860.230 3411785.520 427.240 0.000
430860.020 3411785.250 427.200 0.000
430859.860 3411785.020 427.210 0.000
430859.730 3411784.850 427.200 0.000
430859.680 3411784.770 427.220 0.000
430859.560 3411784.610 427.200 0.000
430859.400 3411784.370 427.220 0.000
430859.180 3411784.110 427.210 0.000
430859.000 3411783.880 427.200 0.000
430858.900 3411783.750 427.210 0.000
430858.780 3411783.610 427.230 0.000
430858.470 3411783.230 427.210 0.000
430858.260 3411782.960 427.230 0.000
430858.050 3411782.730 427.240 0.000
430857.910 3411782.560 427.240 0.000
430857.830 3411782.460 427.240 0.000
430857.780 3411782.390 427.220 0.000
430857.300 3411781.760 427.240 0.000
430857.120 3411781.520 427.240 0.000
430856.980 3411781.350 427.220 0.000
430856.900 3411781.240 427.230 0.000
430856.860 3411781.160 427.220 0.000
430856.790 3411781.040 427.210 0.000
430856.640 3411780.860 427.220 0.000
430856.430 3411780.600 427.230 0.000
430856.230 3411780.340 427.230 0.000
430855.990 3411780.050 427.250 0.000
430855.920 3411779.770 427.210 0.000
430855.450 3411778.980 427.220 0.000
430854.980 3411778.640 427.220 0.000
430854.900 3411778.540 427.210 0.000
430854.330 3411777.540 427.220 0.000
430854.180 3411777.290 427.230 0.000
430853.630 3411776.550 427.250 0.000
430853.320 3411776.420 427.240 0.000
430853.020 3411776.260 427.250 0.000
430852.090 3411774.940 427.230 0.000
430851.950 3411774.750 427.230 0.000
430851.780 3411774.560 427.250 0.000
430851.080 3411773.690 427.240 0.000
430750.210 3411643.220 427.580 0.000
430750.070 3411642.900 427.600 0.000
430749.560 3411642.400 427.650 0.000
430749.180 3411642.090 427.610 0.000
430748.860 3411641.700 427.650 0.000
430748.310 3411641.210 427.810 0.000
430748.020 3411640.560 427.600 0.000
430747.580 3411640.070 427.630 0.000
430747.390 3411639.760 427.590 0.000
430747.090 3411639.440 427.620 0.000
430747.030 3411639.330 427.610 0.000
430746.940 3411639.150 427.610 0.000
430746.550 3411638.680 427.630 0.000
430746.370 3411638.390 427.610 0.000
430746.030 3411637.940 427.630 0.000
430745.720 3411637.650 427.680 0.000
430745.550 3411637.340 427.620 0.000
430745.390 3411637.020 427.630 0.000
430745.030 3411636.690 427.630 0.000
430744.980 3411636.560 427.640 0.000
430744.920 3411636.450 427.620 0.000
430744.810 3411636.270 427.630 0.000
430744.620 3411636.020 427.620 0.000
430744.300 3411635.780 427.650 0.000
430744.130 3411635.500 427.630 0.000
430744.010 3411635.340 427.620 0.000
430743.680 3411635.020 427.640 0.000
430743.300 3411634.470 427.640 0.000
430743.110 3411634.180 427.630 0.000
430742.730 3411633.840 427.710 0.000
430742.660 3411633.710 427.730 0.000
430742.540 3411633.520 427.650 0.000
430742.340 3411633.250 427.630 0.000
430741.820 3411632.720 427.700 0.000
430741.670 3411632.550 427.700 0.000
430741.490 3411631.990 427.640 0.000
430740.970 3411631.540 427.660 0.000
430740.160 3411630.540 427.660 0.000
430740.000 3411630.300 427.660 0.000
430739.900 3411630.130 427.670 0.000
430739.870 3411630.050 427.640 0.000
430739.770 3411629.840 427.650 0.000
430739.350 3411629.420 427.660 0.000
430739.190 3411629.170 427.640 0.000
430739.060 3411629.010 427.670 0.000
430738.980 3411628.910 427.660 0.000
430738.920 3411628.830 427.650 0.000
430738.840 3411628.710 427.650 0.000
430738.670 3411628.530 427.650 0.000
430738.460 3411628.270 427.650 0.000
430738.260 3411627.990 427.660 0.000
430738.040 3411627.700 427.670 0.000
430737.900 3411627.510 427.660 0.000
430737.790 3411627.330 427.670 0.000
430737.610 3411627.100 427.650 0.000
430737.160 3411626.700 427.700 0.000
430737.030 3411626.530 427.690 0.000
430736.970 3411626.440 427.670 0.000
430736.860 3411626.270 427.670 0.000
430736.410 3411625.840 427.820 0.000
430736.280 3411625.430 427.660 0.000
430736.190 3411625.290 427.660 0.000
430736.080 3411625.140 427.650 0.000
430735.930 3411624.900 427.660 0.000
430735.460 3411624.480 427.680 0.000
430735.350 3411624.320 427.680 0.000
430735.300 3411624.250 427.650 0.000
430735.180 3411624.070 427.680 0.000
430735.040 3411623.860 427.660 0.000
430734.840 3411623.570 427.660 0.000
430734.370 3411623.070 427.670 0.000
430734.210 3411622.800 427.660 0.000
430734.040 3411622.540 427.670 0.000
430733.870 3411622.270 427.670 0.000
430733.490 3411621.920 427.670 0.000
430733.190 3411621.500 427.660 0.000
430733.000 3411621.210 427.650 0.000
430732.630 3411620.800 427.650 0.000
430732.540 3411620.630 427.650 0.000
430732.410 3411620.370 427.660 0.000
430731.990 3411619.950 427.640 0.000
430731.730 3411619.640 427.680 0.000
430731.600 3411619.430 427.650 0.000
430731.440 3411619.150 427.650 0.000
430731.000 3411618.760 427.680 0.000
430730.870 3411618.590 427.670 0.000
430730.720 3411618.380 427.680 0.000
430730.540 3411618.110 427.670 0.000
430730.250 3411617.700 427.660 0.000
430730.190 3411617.610 427.650 0.000
430730.090 3411617.410 427.660 0.000
430729.780 3411616.940 427.660 0.000
430729.340 3411616.490 427.640 0.000
430729.310 3411616.420 427.650 0.000
430729.270 3411616.320 427.630 0.000
430729.180 3411616.140 427.650 0.000
430728.720 3411615.730 427.680 0.000
430728.530 3411615.390 427.670 0.000
430728.190 3411614.910 427.660 0.000
430727.800 3411614.390 427.660 0.000
430727.410 3411614.050 427.700 0.000
430727.240 3411613.810 427.660 0.000
430727.060 3411613.530 427.650 0.000
430726.910 3411613.050 427.650 0.000
430726.240 3411612.470 427.770 0.000
430726.080 3411612.240 427.670 0.000
430725.980 3411612.080 427.640 0.000
430725.730 3411611.840 427.650 0.000
430725.590 3411611.620 427.650 0.000
430725.130 3411611.100 427.640 0.000
430724.850 3411610.770 427.660 0.000
430724.450 3411610.230 427.670 0.000
430724.290 3411609.930 427.660 0.000
430723.980 3411609.470 427.650 0.000
430723.660 3411609.090 427.660 0.000
430723.240 3411608.680 427.660 0.000
430723.010 3411608.420 427.690 0.000
430722.910 3411608.220 427.680 0.000
430722.480 3411607.720 427.690 0.000
430722.340 3411607.470 427.690 0.000
430722.140 3411607.270 427.680 0.000
430721.810 3411606.810 427.680 0.000
430721.430 3411606.300 427.690 0.000
430721.230 3411606.070 427.680 0.000
430721.100 3411605.890 427.680 0.000
430720.710 3411605.440 427.710 0.000
430720.350 3411604.890 427.710 0.000
430720.110 3411604.510 427.710 0.000
430719.650 3411604.000 427.690 0.000
430719.410 3411603.680 427.710 0.000
430719.150 3411603.270 427.710 0.000
430718.910 3411603.070 427.710 0.000
430718.530 3411602.590 427.720 0.000
430718.220 3411602.170 427.720 0.000
430717.990 3411601.970 427.730 0.000
430717.870 3411601.660 427.730 0.000
430717.560 3411601.330 427.710 0.000
430717.360 3411601.030 427.710 0.000
430716.950 3411600.540 427.730 0.000
430716.810 3411600.260 427.700 0.000
430716.720 3411600.060 427.720 0.000
430716.300 3411599.600 427.740 0.000
430716.020 3411599.380 427.730 0.000
430715.690 3411598.960 427.740 0.000
430715.530 3411598.700 427.720 0.000
430715.190 3411598.280 427.720 0.000
430714.800 3411597.490 427.710 0.000
430713.810 3411596.570 427.770 0.000
430713.600 3411596.190 427.720 0.000
430713.370 3411595.980 427.730 0.000
430713.020 3411595.500 427.730 0.000
430712.900 3411595.310 427.720 0.000
430712.760 3411595.110 427.700 0.000
430712.420 3411594.630 427.710 0.000
430712.220 3411594.460 427.730 0.000
430712.070 3411594.270 427.730 0.000
430711.920 3411594.040 427.700 0.000
430711.560 3411593.550 427.700 0.000
430711.330 3411593.330 427.740 0.000
430711.070 3411593.020 427.760 0.000
430710.950 3411592.910 427.820 0.000
430710.660 3411592.460 427.730 0.000
430710.230 3411591.910 427.740 0.000
430710.080 3411591.600 427.700 0.000
430709.370 3411590.730 427.710 0.000
430709.200 3411590.610 427.750 0.000
430708.850 3411590.100 427.720 0.000
430708.580 3411589.740 427.710 0.000
430708.360 3411589.500 427.740 0.000
430708.030 3411589.000 427.730 0.000
430707.680 3411588.570 427.720 0.000
430707.390 3411588.180 427.740 0.000
430838.750 3411757.850 427.320 3.000
430838.610 3411757.670 427.310 3.000
430838.310 3411757.260 427.320 3.000
430838.070 3411757.020 427.350 3.000
430837.950 3411756.760 427.310 3.000
430837.610 3411756.410 427.330 3.000
430837.320 3411756.040 427.350 3.000
430837.030 3411755.370 427.300 3.000
430836.810 3411755.200 427.310 3.000
430836.650 3411755.110 427.300 3.000
430836.520 3411754.850 427.310 3.000
430836.190 3411754.320 427.310 3.000
430835.950 3411754.060 427.310 3.000
430835.770 3411753.860 427.320 3.000
430835.650 3411753.770 427.310 3.000
430835.560 3411753.700 427.310 3.000
430835.470 3411753.590 427.300 3.000
430835.320 3411753.410 427.320 3.000
430834.990 3411752.820 427.290 3.000
430834.930 3411752.530 427.320 3.000
430833.980 3411751.550 427.320 3.000
430833.780 3411751.310 427.320 3.000
430833.650 3411751.140 427.390 3.000
430833.560 3411751.050 427.310 3.000
430833.470 3411750.960 427.340 3.000
430833.160 3411750.570 427.330 3.000
430832.950 3411750.280 427.320 3.000
430832.740 3411750.030 427.310 3.000
430832.600 3411749.850 427.330 3.000
430832.480 3411749.660 427.340 3.000
430832.360 3411749.530 427.330 3.000
430832.200 3411749.300 427.310 3.000
430831.990 3411748.990 427.360 3.000
430831.810 3411748.740 427.330 3.000
430831.460 3411748.440 427.360 3.000
430831.220 3411748.070 427.360 3.000
430831.010 3411747.760 427.320 3.000
430830.830 3411747.450 427.350 3.000
430830.510 3411747.190 427.350 3.000
430830.260 3411746.690 427.340 3.000
430830.070 3411746.410 427.360 3.000
430829.760 3411746.190 427.360 3.000
430829.520 3411746.020 427.450 3.000
430829.170 3411745.520 427.390 3.000
430829.010 3411745.250 427.350 3.000
430828.820 3411744.950 427.360 3.000
430828.520 3411744.620 427.380 3.000
430828.330 3411744.480 427.430 3.000
430828.220 3411744.290 427.380 3.000
430828.050 3411743.990 427.350 3.000
430827.870 3411743.670 427.360 3.000
430827.690 3411743.410 427.340 3.000
430827.260 3411743.110 427.560 3.000
430826.760 3411742.370 427.370 3.000
430826.510 3411742.180 427.520 3.000
430826.420 3411741.830 427.350 3.000
430826.370 3411741.720 427.350 3.000
430826.280 3411741.570 427.350 3.000
430825.780 3411741.160 427.390 3.000
430825.600 3411740.900 427.390 3.000
430825.470 3411740.720 427.390 3.000
430825.360 3411740.610 427.390 3.000
430825.280 3411740.520 427.390 3.000
430825.170 3411740.390 427.400 3.000
430824.870 3411739.830 427.370 3.000
430824.620 3411739.560 427.360 3.000
430824.440 3411739.350 427.350 3.000
430824.320 3411739.230 427.370 3.000
430823.990 3411738.780 427.360 3.000
430823.770 3411738.530 427.380 3.000
430823.510 3411738.270 427.470 3.000
430823.380 3411737.980 427.380 3.000
430823.100 3411737.670 427.390 3.000
430822.780 3411737.230 427.370 3.000
430822.380 3411736.730 427.380 3.000
430822.160 3411736.490 427.380 3.000
430822.020 3411736.180 427.360 3.000
430821.860 3411735.890 427.370 3.000
430821.380 3411735.340 427.360 3.000
430821.070 3411735.080 427.400 3.000
430821.020 3411734.950 427.350 3.000
430820.480 3411734.320 427.390 3.000
430820.070 3411733.850 427.470 3.000
430819.970 3411733.730 427.410 3.000
430819.920 3411733.610 427.400 3.000
430819.830 3411733.460 427.390 3.000
430819.700 3411733.230 427.380 3.000
430819.490 3411732.960 427.380 3.000
430819.030 3411732.530 427.470 3.000
430818.950 3411732.420 427.450 3.000
430818.710 3411731.910 427.370 3.000
430818.500 3411731.620 427.400 3.000
430818.250 3411731.350 427.370 3.000
430818.070 3411731.100 427.370 3.000
430817.940 3411730.950 427.390 3.000
430817.860 3411730.860 427.370 3.000
430817.750 3411730.760 427.370 3.000
430817.590 3411730.560 427.380 3.000
430817.380 3411730.290 427.380 3.000
430817.160 3411730.000 427.370 3.000
430816.810 3411729.580 427.370 3.000
430816.740 3411729.470 427.370 3.000
430816.540 3411729.230 427.400 3.000
430816.350 3411728.990 427.370 3.000
430815.800 3411728.280 427.410 3.000
430815.600 3411728.020 427.470 3.000
430815.400 3411727.560 427.370 3.000
430815.160 3411727.260 427.370 3.000
430814.690 3411726.810 427.500 3.000
430814.220 3411726.180 427.420 3.000
430813.790 3411725.590 427.400 3.000
430813.650 3411725.350 427.380 3.000
430813.500 3411725.100 427.390 3.000
430813.170 3411724.820 427.450 3.000
430813.000 3411724.530 427.440 3.000
430812.780 3411724.260 427.380 3.000
430812.620 3411724.020 427.380 3.000
430812.360 3411723.810 427.390 3.000
430812.260 3411723.680 427.390 3.000
430811.840 3411723.270 427.460 3.000
430811.650 3411722.960 427.450 3.000
430811.450 3411722.690 427.400 3.000
430811.310 3411722.480 427.390 3.000
430810.960 3411722.080 427.450 3.000
430810.800 3411721.810 427.400 3.000
430810.350 3411721.260 427.400 3.000
430810.230 3411721.040 427.390 3.000
430810.040 3411720.830 427.400 3.000
430809.740 3411720.490 427.400 3.000
430809.310 3411719.920 427.390 3.000
430809.020 3411719.470 427.400 3.000
430808.760 3411719.140 427.380 3.000
430808.300 3411718.610 427.410 3.000
430808.010 3411718.210 427.410 3.000
430807.800 3411717.980 427.430 3.000
430807.470 3411717.500 427.420 3.000
430807.300 3411717.180 427.390 3.000
430806.900 3411716.830 427.440 3.000
430806.250 3411715.940 427.420 3.000
430805.930 3411715.480 427.430 3.000
430805.800 3411715.240 427.410 3.000
430805.540 3411714.830 427.440 3.000
430805.290 3411714.570 427.420 3.000
430805.050 3411714.330 427.430 3.000
430804.850 3411714.180 427.450 3.000
430804.720 3411713.900 427.440 3.000
430804.510 3411713.520 427.430 3.000
430804.270 3411713.270 427.430 3.000
430804.030 3411713.010 427.430 3.000
430803.860 3411712.820 427.420 3.000
430803.610 3411712.470 427.430 3.000
430803.460 3411712.310 427.420 3.000
430803.230 3411712.080 427.440 3.000
430802.920 3411711.530 427.410 3.000
430802.670 3411711.350 427.420 3.000
430802.500 3411711.000 427.420 3.000
430802.290 3411710.760 427.410 3.000
430802.030 3411710.490 427.410 3.000
430801.830 3411710.260 427.450 3.000
430801.600 3411709.850 427.410 3.000
430801.430 3411709.680 427.420 3.000
430801.220 3411709.410 427.460 3.000
430800.800 3411708.930 427.460 3.000
430800.610 3411708.550 427.430 3.000
430800.130 3411707.840 427.430 3.000
430799.930 3411707.620 427.420 3.000
430799.770 3411707.480 427.410 3.000
430799.660 3411707.410 427.430 3.000
430799.560 3411707.330 427.430 3.000
430799.330 3411706.910 427.420 3.000
430799.200 3411706.550 427.420 3.000
430798.970 3411706.280 427.440 3.000
430798.670 3411706.010 427.430 3.000
430798.400 3411705.500 427.450 3.000
430798.170 3411705.230 427.440 3.000
430797.950 3411704.970 427.440 3.000
430797.790 3411704.770 427.430 3.000
430797.600 3411704.590 427.430 3.000
430797.330 3411704.290 427.410 3.000
430796.780 3411703.860 427.570 3.000
430796.590 3411703.650 427.620 3.000
430796.470 3411703.530 427.630 3.000
430849.440 3411771.580 427.240 3.000
430849.260 3411771.340 427.240 3.000
430849.150 3411771.160 427.240 3.000
430849.090 3411771.070 427.240 3.000
430849.000 3411770.960 427.260 3.000
430848.870 3411770.790 427.240 3.000
430848.700 3411770.530 427.250 3.000
430848.110 3411769.930 427.270 3.000
430848.060 3411769.820 427.260 3.000
430847.360 3411768.810 427.250 3.000
430847.220 3411768.640 427.250 3.000
430846.820 3411768.050 427.250 3.000
430846.300 3411767.550 427.260 3.000
430846.160 3411767.320 427.270 3.000
430846.080 3411767.190 427.260 3.000
430845.710 3411766.820 427.270 3.000
430845.510 3411766.550 427.260 3.000
430845.320 3411766.240 427.270 3.000
430844.990 3411765.910 427.300 3.000
430844.930 3411765.810 427.270 3.000
430844.510 3411765.310 427.310 3.000
430844.170 3411764.750 427.290 3.000
430843.870 3411764.440 427.310 3.000
430843.540 3411763.580 427.260 3.000
430843.000 3411763.280 427.300 3.000
430842.700 3411762.930 427.290 3.000
430842.560 3411762.660 427.300 3.000
430842.120 3411762.120 427.300 3.000
430841.820 3411761.700 427.290 3.000
430841.380 3411761.110 427.300 3.000
430841.000 3411760.650 427.280 3.000
430840.780 3411760.460 427.310 3.000
430840.520 3411760.140 427.320 3.000
430840.350 3411759.840 427.300 3.000
430839.940 3411759.340 427.290 3.000
430839.750 3411759.130 427.310 3.000
430839.500 3411758.810 427.310 3.000
430839.060 3411758.250 427.320 3.000
430792.200 3411697.540 427.500 10.000
430791.720 3411697.010 427.630 10.000
430791.410 3411696.530 427.600 10.000
430791.250 3411696.260 427.480 10.000
430791.030 3411696.020 427.490 10.000
430790.800 3411695.760 427.500 10.000
430790.550 3411695.350 427.480 10.000
430790.310 3411695.010 427.480 10.000
430790.070 3411694.780 427.500 10.000
430789.710 3411694.180 427.470 10.000
430789.530 3411694.050 427.490 10.000
430789.290 3411693.710 427.480 10.000
430789.050 3411693.510 427.520 10.000
430788.330 3411692.570 427.510 10.000
430788.110 3411692.210 427.500 10.000
430787.680 3411691.640 427.480 10.000
430787.470 3411691.310 427.480 10.000
430787.420 3411691.040 427.490 10.000
430785.380 3411688.790 427.590 10.000
430785.290 3411688.630 427.590 10.000
430784.990 3411688.280 427.560 10.000
430784.350 3411687.400 427.520 10.000
430784.290 3411687.210 427.500 10.000
430783.860 3411686.710 427.520 10.000
430783.590 3411686.490 427.530 10.000
430783.510 3411686.260 427.530 10.000
430783.260 3411685.900 427.530 10.000
430783.040 3411685.740 427.530 10.000
430782.870 3411685.440 427.510 10.000
430782.380 3411684.910 427.550 10.000
430782.120 3411684.510 427.540 10.000
430781.710 3411684.030 427.550 10.000
430781.460 3411683.740 427.530 10.000
430781.030 3411683.090 427.570 10.000
430780.850 3411682.780 427.520 10.000
430780.690 3411682.540 427.510 10.000
430780.470 3411682.340 427.530 10.000
430780.060 3411681.870 427.540 10.000
430779.770 3411681.290 427.540 10.000
430779.350 3411680.950 427.550 10.000
430779.210 3411680.730 427.510 10.000
430778.760 3411680.250 427.540 10.000
430778.500 3411680.030 427.620 10.000
430778.460 3411679.940 427.570 10.000
430778.410 3411679.800 427.520 10.000
430778.300 3411679.580 427.540 10.000
430777.810 3411679.090 427.560 10.000
430777.700 3411678.870 427.530 10.000
430777.350 3411678.360 427.520 10.000
430776.920 3411677.890 427.530 10.000
430776.630 3411677.510 427.530 10.000
430776.580 3411677.400 427.530 10.000
430776.470 3411677.210 427.510 10.000
430776.320 3411676.940 427.500 10.000
430776.170 3411676.670 427.510 10.000
430775.300 3411675.550 427.520 10.000
430775.030 3411675.400 427.510 10.000
430774.920 3411675.240 427.520 10.000
430774.880 3411675.140 427.520 10.000
430774.310 3411674.460 427.510 10.000
430774.150 3411674.190 427.520 10.000
430774.070 3411674.010 427.520 10.000
430774.030 3411673.920 427.520 10.000
430773.430 3411673.370 427.520 10.000
430773.080 3411672.990 427.550 10.000
430772.940 3411672.700 427.530 10.000
430772.820 3411672.470 427.530 10.000
430772.440 3411671.880 427.530 10.000
430770.460 3411669.460 427.520 10.000
430770.210 3411669.230 427.510 10.000
430769.630 3411668.550 427.560 10.000
430769.290 3411668.060 427.550 10.000
430769.130 3411667.840 427.550 10.000
430768.810 3411667.160 427.520 10.000
430768.560 3411666.900 427.520 10.000
430768.380 3411666.710 427.530 10.000
430768.190 3411666.550 427.520 10.000
430768.090 3411666.180 427.540 10.000
430766.070 3411663.540 427.540 10.000
430765.790 3411663.330 427.550 10.000
430765.260 3411662.770 427.550 10.000
430765.200 3411662.600 427.530 10.000
430765.090 3411662.350 427.540 10.000
430764.710 3411661.860 427.540 10.000
430764.530 3411661.740 427.550 10.000
430764.370 3411661.520 427.550 10.000
430764.110 3411661.140 427.540 10.000
430763.720 3411660.600 427.550 10.000
430763.530 3411660.430 427.570 10.000
430763.410 3411660.340 427.630 10.000
430763.220 3411660.080 427.570 10.000
430763.020 3411659.880 427.570 10.000
430762.660 3411659.300 427.580 10.000
430762.470 3411659.110 427.610 10.000
430762.260 3411658.950 427.580 10.000
430762.090 3411658.620 427.570 10.000
430761.870 3411658.370 427.580 10.000
430761.570 3411657.840 427.530 10.000
430761.440 3411657.720 427.550 10.000
430761.360 3411657.650 427.560 10.000
430761.260 3411657.570 427.560 10.000
430761.090 3411657.410 427.580 10.000
430760.870 3411657.150 427.600 10.000
430760.640 3411656.870 427.580 10.000
430760.440 3411656.640 427.590 10.000
430760.190 3411656.190 427.580 10.000
430760.060 3411656.010 427.590 10.000
430759.850 3411655.800 427.570 10.000
430759.620 3411655.530 427.580 10.000
430759.430 3411655.270 427.590 10.000
430759.200 3411655.010 427.580 10.000
430759.110 3411654.910 427.610 10.000
430758.940 3411654.470 427.570 10.000
430758.710 3411654.200 427.570 10.000
430758.490 3411653.940 427.560 10.000
430758.340 3411653.740 427.580 10.000
430758.240 3411653.640 427.580 10.000
430758.130 3411653.550 427.590 10.000
430757.920 3411653.100 427.580 10.000
430757.710 3411652.830 427.580 10.000
430757.470 3411652.600 427.560 10.000
430757.280 3411652.400 427.580 10.000
430757.150 3411652.280 427.580 10.000
430756.920 3411652.090 427.610 10.000
430756.610 3411651.560 427.560 10.000
430756.370 3411651.290 427.580 10.000
430756.150 3411651.080 427.610 10.000
430755.850 3411650.680 427.580 10.000
430755.530 3411650.240 427.600 10.000
430755.270 3411649.960 427.610 10.000
430754.850 3411649.390 427.610 10.000
430754.630 3411649.150 427.620 10.000
430754.350 3411648.960 427.770 10.000
430754.240 3411648.560 427.610 10.000
430754.030 3411648.260 427.580 10.000
430753.800 3411647.920 427.570 10.000
430753.710 3411647.800 427.580 10.000
430753.590 3411647.630 427.590 10.000
430753.420 3411647.380 427.590 10.000
430753.190 3411647.110 427.600 10.000
430752.960 3411646.830 427.580 10.000
430752.800 3411646.610 427.590 10.000
430752.580 3411646.380 427.610 10.000
430752.460 3411646.250 427.600 10.000
430752.280 3411646.030 427.580 10.000
430752.070 3411645.770 427.600 10.000
430751.760 3411645.250 427.600 10.000
430751.630 3411645.130 427.590 10.000
430751.300 3411644.680 427.610 10.000
430751.050 3411644.410 427.580 10.000
430796.780 3411703.860 427.570 33.000
