430877.990 3411837.450 426.360 0.000
430877.800 3411837.140 426.360 0.000
430877.340 3411836.650 426.380 0.000
430876.870 3411836.110 426.390 0.000
430876.670 3411835.940 426.430 0.000
430876.420 3411835.640 426.450 0.000
430876.230 3411835.330 426.410 0.000
430875.770 3411834.780 426.440 0.000
430875.580 3411834.570 426.470 0.000
430875.200 3411834.000 426.440 0.000
430874.990 3411833.670 426.420 0.000
430874.640 3411833.260 426.430 0.000
430874.450 3411833.090 426.490 0.000
430874.340 3411832.900 426.460 0.000
430874.170 3411832.610 426.450 0.000
430873.660 3411832.040 426.480 0.000
430873.530 3411831.830 426.440 0.000
430873.360 3411831.630 426.480 0.000
430873.260 3411831.460 426.460 0.000
430872.800 3411830.930 426.470 0.000
430872.630 3411830.610 426.470 0.000
430872.370 3411830.340 426.470 0.000
430872.230 3411830.180 426.500 0.000
430871.810 3411829.690 426.590 0.000
430871.610 3411829.350 426.510 0.000
430871.310 3411829.030 426.520 0.000
430871.010 3411828.620 426.520 0.000
430870.810 3411828.310 426.520 0.000
430870.330 3411827.770 426.560 0.000
430870.050 3411827.400 426.630 0.000
430869.920 3411827.180 426.530 0.000
430869.760 3411826.870 426.530 0.000
430869.280 3411826.370 426.550 0.000
430869.060 3411826.120 426.560 0.000
430868.660 3411825.610 426.570 0.000
430868.480 3411825.290 426.560 0.000
430868.310 3411825.010 426.550 0.000
430868.170 3411824.670 426.570 0.000
430867.800 3411824.240 426.580 0.000
430867.590 3411823.900 426.590 0.000
430867.290 3411823.670 426.580 0.000
430867.040 3411823.540 426.610 0.000
430866.820 3411823.210 426.620 0.000
430866.170 3411822.370 426.620 0.000
430865.900 3411822.060 426.640 0.000
430865.640 3411821.630 426.620 0.000
430865.450 3411821.340 426.620 0.000
430865.010 3411820.850 426.620 0.000
430864.780 3411820.590 426.630 0.000
430864.680 3411820.380 426.620 0.000
430864.520 3411820.100 426.620 0.000
430864.290 3411819.780 426.610 0.000
430864.110 3411819.490 426.640 0.000
430863.870 3411819.280 426.650 0.000
430863.440 3411818.800 426.640 0.000
430863.250 3411818.490 426.650 0.000
430862.730 3411817.990 426.700 0.000
430862.650 3411817.850 426.680 0.000
430862.500 3411817.600 426.680 0.000
430862.040 3411817.070 426.710 0.000
430861.920 3411816.900 426.680 0.000
430861.870 3411816.800 426.680 0.000
430861.830 3411816.700 426.680 0.000
430861.610 3411816.360 426.680 0.000
430861.390 3411816.070 426.680 0.000
430861.060 3411815.840 426.730 0.000
430860.920 3411815.610 426.710 0.000
430860.820 3411815.490 426.690 0.000
430860.380 3411814.790 426.700 0.000
430860.180 3411814.500 426.710 0.000
430859.830 3411814.220 426.700 0.000
430859.780 3411814.150 426.700 0.000
430859.720 3411814.050 426.700 0.000
430859.630 3411813.880 426.700 0.000
430859.270 3411813.370 426.700 0.000
430858.880 3411813.010 426.740 0.000
430858.820 3411812.930 426.730 0.000
430858.720 3411812.790 426.740 0.000
430858.340 3411812.260 426.700 0.000
430858.140 3411812.010 426.730 0.000
430858.000 3411811.850 426.710 0.000
430857.940 3411811.750 426.710 0.000
430857.890 3411811.660 426.730 0.000
430857.390 3411811.020 426.720 0.000
430856.870 3411810.600 426.760 0.000
430856.640 3411810.510 426.810 0.000
430742.350 3411663.470 427.290 0.000
430742.170 3411662.920 427.300 0.000
430741.810 3411662.280 427.280 0.000
430741.580 3411662.060 427.320 0.000
430741.270 3411661.650 427.290 0.000
430740.950 3411661.220 427.290 0.000
430740.550 3411660.610 427.280 0.000
430740.320 3411660.480 427.310 0.000
430740.110 3411660.270 427.370 0.000
430739.860 3411659.840 427.310 0.000
430739.640 3411659.510 427.310 0.000
430739.430 3411659.190 427.280 0.000
430739.300 3411658.970 427.280 0.000
430739.190 3411658.840 427.290 0.000
430739.100 3411658.720 427.290 0.000
430738.680 3411658.380 427.320 0.000
430738.560 3411658.020 427.290 0.000
430738.340 3411657.720 427.310 0.000
430737.940 3411657.450 427.350 0.000
430737.650 3411656.930 427.300 0.000
430737.430 3411656.670 427.290 0.000
430737.190 3411656.410 427.300 0.000
430736.990 3411656.220 427.290 0.000
430736.730 3411655.830 427.300 0.000
430736.530 3411655.640 427.340 0.000
430736.140 3411654.990 427.300 0.000
430735.880 3411654.780 427.340 0.000
430735.640 3411654.290 427.320 0.000
430735.280 3411653.830 427.310 0.000
430735.000 3411653.550 427.310 0.000
430734.660 3411653.110 427.310 0.000
430734.490 3411652.910 427.310 0.000
430734.180 3411652.520 427.330 0.000
430733.720 3411651.970 427.300 0.000
430733.410 3411651.560 427.320 0.000
430733.340 3411651.360 427.310 0.000
430732.890 3411650.870 427.330 0.000
430732.380 3411650.230 427.310 0.000
430731.990 3411649.780 427.340 0.000
430731.850 3411649.470 427.310 0.000
430731.660 3411649.180 427.300 0.000
430731.350 3411648.850 427.310 0.000
430731.010 3411648.440 427.300 0.000
430730.840 3411648.140 427.290 0.000
430730.550 3411647.890 427.330 0.000
430730.390 3411647.640 427.300 0.000
430730.300 3411647.460 427.300 0.000
430730.200 3411647.220 427.310 0.000
430730.080 3411647.040 427.300 0.000
430729.710 3411646.460 427.310 0.000
430729.400 3411646.270 427.290 0.000
430729.280 3411646.100 427.290 0.000
430728.950 3411645.800 427.290 0.000
430728.790 3411645.550 427.320 0.000
430728.570 3411645.250 427.280 0.000
430728.140 3411644.810 427.320 0.000
430727.620 3411644.020 427.320 0.000
430727.420 3411643.730 427.290 0.000
430727.280 3411643.530 427.290 0.000
430727.150 3411643.340 427.300 0.000
430727.070 3411643.230 427.320 0.000
430726.940 3411643.050 427.290 0.000
430726.420 3411642.550 427.340 0.000
430726.130 3411642.130 427.330 0.000
430726.070 3411642.040 427.300 0.000
430726.000 3411641.930 427.310 0.000
430725.890 3411641.760 427.300 0.000
430725.730 3411641.500 427.320 0.000
430725.270 3411641.070 427.330 0.000
430725.170 3411640.910 427.290 0.000
430724.790 3411640.490 427.330 0.000
430724.470 3411639.960 427.300 0.000
430723.960 3411639.310 427.310 0.000
430723.740 3411639.050 427.320 0.000
430723.550 3411638.770 427.330 0.000
430723.400 3411638.580 427.320 0.000
430723.260 3411638.420 427.330 0.000
430723.200 3411638.310 427.340 0.000
430723.080 3411638.140 427.310 0.000
430722.910 3411637.900 427.330 0.000
430722.710 3411637.630 427.320 0.000
430722.380 3411637.380 427.360 0.000
430722.270 3411637.230 427.360 0.000
430722.170 3411637.070 427.360 0.000
430722.010 3411636.840 427.310 0.000
430721.820 3411636.570 427.360 0.000
430721.590 3411636.230 427.340 0.000
430721.500 3411636.110 427.340 0.000
430721.400 3411635.960 427.320 0.000
430721.250 3411635.730 427.330 0.000
430721.080 3411635.460 427.350 0.000
430720.660 3411635.140 427.360 0.000
430720.620 3411635.070 427.350 0.000
430720.590 3411635.020 427.350 0.000
430720.500 3411634.900 427.350 0.000
430720.360 3411634.700 427.350 0.000
430720.170 3411634.410 427.340 0.000
430720.010 3411634.140 427.330 0.000
430719.670 3411633.820 427.350 0.000
430719.540 3411633.670 427.330 0.000
430719.380 3411633.400 427.340 0.000
430719.200 3411633.140 427.320 0.000
430718.730 3411632.630 427.340 0.000
430718.550 3411632.370 427.350 0.000
430718.360 3411632.090 427.330 0.000
430718.230 3411631.860 427.330 0.000
430717.910 3411631.520 427.320 0.000
430717.780 3411631.270 427.330 0.000
430717.370 3411630.840 427.370 0.000
430717.110 3411630.560 427.360 0.000
430716.980 3411630.350 427.330 0.000
430716.820 3411630.070 427.340 0.000
430716.650 3411629.840 427.330 0.000
430716.540 3411629.670 427.350 0.000
430716.390 3411629.430 427.350 0.000
430715.940 3411629.050 427.380 0.000
430715.780 3411628.810 427.350 0.000
430715.660 3411628.640 427.370 0.000
430715.590 3411628.550 427.360 0.000
430715.560 3411628.480 427.350 0.000
430715.500 3411628.370 427.330 0.000
430715.370 3411628.170 427.360 0.000
430714.910 3411627.720 427.380 0.000
430714.820 3411627.540 427.340 0.000
430714.730 3411627.370 427.360 0.000
430714.690 3411627.280 427.360 0.000
430714.610 3411627.110 427.350 0.000
430714.150 3411626.700 427.360 0.000
430714.040 3411626.510 427.340 0.000
430713.960 3411626.380 427.350 0.000
430713.910 3411626.310 427.330 0.000
430713.800 3411626.150 427.350 0.000
430713.640 3411625.910 427.330 0.000
430713.420 3411625.630 427.340 0.000
430713.010 3411625.260 427.380 0.000
430712.850 3411625.060 427.370 0.000
430712.690 3411624.820 427.350 0.000
430712.510 3411624.540 427.330 0.000
430712.340 3411624.310 427.330 0.000
430712.240 3411624.150 427.350 0.000
430712.210 3411624.080 427.340 0.000
430712.120 3411623.920 427.330 0.000
430711.700 3411623.510 427.360 0.000
430711.550 3411623.270 427.330 0.000
430711.260 3411623.020 427.350 0.000
430711.200 3411622.880 427.340 0.000
430711.070 3411622.670 427.340 0.000
430710.620 3411622.130 427.390 0.000
430710.340 3411621.800 427.390 0.000
430710.110 3411621.550 427.410 0.000
430709.940 3411621.290 427.360 0.000
430709.550 3411620.830 427.390 0.000
430709.290 3411620.430 427.350 0.000
430709.150 3411620.160 427.350 0.000
430708.980 3411619.880 427.350 0.000
430708.680 3411619.600 427.340 0.000
430708.630 3411619.410 427.350 0.000
430708.530 3411619.210 427.340 0.000
430708.110 3411618.700 427.360 0.000
430707.840 3411618.550 427.350 0.000
430707.630 3411618.240 427.330 0.000
430707.570 3411618.070 427.370 0.000
430707.180 3411617.580 427.360 0.000
430706.940 3411617.390 427.360 0.000
430706.740 3411617.150 427.390 0.000
430706.610 3411616.980 427.360 0.000
430706.230 3411616.530 427.390 0.000
430706.080 3411616.230 427.350 0.000
430705.860 3411615.990 427.360 0.000
430705.710 3411615.850 427.360 0.000
430705.630 3411615.630 427.350 0.000
430705.180 3411615.110 427.360 0.000
430704.290 3411613.880 427.350 0.000
430704.070 3411613.720 427.350 0.000
430703.940 3411613.520 427.340 0.000
430703.660 3411613.020 427.360 0.000
430703.410 3411612.800 427.350 0.000
430703.100 3411612.450 427.380 0.000
430702.990 3411612.320 427.380 0.000
430702.920 3411612.170 427.370 0.000
430702.510 3411611.690 427.370 0.000
430702.130 3411611.180 427.370 0.000
430701.970 3411611.000 427.390 0.000
430701.580 3411610.540 427.390 0.000
430701.230 3411610.010 427.370 0.000
430701.100 3411609.870 427.380 0.000
430701.030 3411609.640 427.390 0.000
430700.420 3411608.890 427.380 0.000
430700.260 3411608.770 427.380 0.000
430699.950 3411608.330 427.390 0.000
430699.540 3411607.850 427.370 0.000
430699.420 3411607.640 427.390 0.000
430699.210 3411607.390 427.390 0.000
430699.100 3411607.090 427.390 0.000
430698.590 3411606.540 427.400 0.000
430698.390 3411606.330 427.410 0.000
430698.050 3411605.850 427.410 0.000
430697.850 3411605.690 427.400 0.000
430697.700 3411605.500 427.410 0.000
430697.560 3411605.280 427.390 0.000
430697.460 3411605.020 427.400 0.000
430697.090 3411604.490 427.390 0.000
430696.940 3411604.360 427.420 0.000
430696.720 3411604.100 427.400 0.000
430696.550 3411603.940 427.410 0.000
430696.210 3411603.420 427.380 0.000
430695.900 3411603.180 427.430 0.000
430695.260 3411602.250 427.400 0.000
430695.140 3411602.180 427.420 0.000
430695.070 3411602.040 427.420 0.000
430694.800 3411601.650 427.400 0.000
430694.560 3411601.410 427.420 0.000
430694.290 3411601.060 427.420 0.000
430694.080 3411600.830 427.460 0.000
430693.510 3411599.960 427.410 0.000
430693.420 3411599.910 427.430 0.000
430693.140 3411599.550 427.450 0.000
430692.790 3411599.030 427.430 0.000
430692.420 3411598.740 427.450 0.000
430692.360 3411598.510 427.440 0.000
430691.960 3411598.000 427.430 0.000
430691.770 3411597.850 427.470 0.000
430691.670 3411597.710 427.470 0.000
430691.470 3411597.450 427.460 0.000
430691.370 3411597.140 427.470 0.000
430691.010 3411596.640 427.460 0.000
430690.990 3411596.470 427.470 0.000
430690.210 3411595.580 427.430 0.000
430690.060 3411595.510 427.420 0.000
430689.970 3411595.470 427.470 0.000
430689.880 3411595.430 427.480 0.000
430689.820 3411595.250 427.440 0.000
430689.440 3411594.720 427.430 0.000
430689.210 3411594.520 427.460 0.000
430689.010 3411594.270 427.470 0.000
430688.850 3411594.040 427.450 0.000
430688.450 3411593.560 427.470 0.000
430688.140 3411593.120 427.470 0.000
430687.950 3411592.810 427.450 0.000
430687.610 3411592.390 427.440 0.000
430687.250 3411591.940 427.450 0.000
430687.080 3411591.780 427.470 0.000
430686.820 3411591.480 427.530 0.000
430686.660 3411591.180 427.470 0.000
430686.470 3411590.870 427.440 0.000
430686.170 3411590.520 427.450 0.000
430686.010 3411590.360 427.460 0.000
430685.650 3411589.910 427.480 0.000
430685.240 3411589.450 427.490 0.000
430685.010 3411589.120 427.480 0.000
430684.910 3411588.930 427.470 0.000
430684.740 3411588.650 427.460 0.000
430684.430 3411588.400 427.510 0.000
430684.290 3411588.140 427.460 0.000
430683.940 3411587.780 427.520 0.000
430683.780 3411587.250 427.460 0.000
430683.570 3411586.940 427.430 0.000
430683.170 3411586.530 427.450 0.000
430682.910 3411586.370 427.450 0.000
430682.820 3411586.170 427.450 0.000
430682.340 3411585.680 427.480 0.000
430682.130 3411585.360 427.450 0.000
430681.830 3411585.070 427.490 0.000
430681.780 3411584.960 427.490 0.000
430681.370 3411584.290 427.450 0.000
430680.900 3411583.880 427.580 0.000
430680.550 3411583.230 427.400 0.000
430680.330 3411582.950 427.410 0.000
430679.900 3411582.420 427.430 0.000
430679.570 3411582.000 427.430 0.000
430679.400 3411581.810 427.430 0.000
430679.190 3411581.550 427.430 0.000
430678.970 3411581.240 427.440 0.000
430678.780 3411581.000 427.440 0.000
430678.650 3411580.830 427.450 0.000
430678.560 3411580.710 427.460 0.000
430678.470 3411580.580 427.460 0.000
430678.350 3411580.410 427.450 0.000
430678.140 3411580.160 427.470 0.000
430677.910 3411579.860 427.490 0.000
430677.720 3411579.590 427.460 0.000
430677.500 3411579.330 427.460 0.000
430677.410 3411579.230 427.460 0.000
430677.290 3411579.060 427.460 0.000
430677.110 3411578.840 427.450 0.000
430676.860 3411578.560 427.480 0.000
430676.610 3411578.280 427.480 0.000
430676.440 3411578.060 427.480 0.000
430676.220 3411577.620 427.480 0.000
430675.840 3411577.140 427.490 0.000
430675.590 3411576.850 427.480 0.000
430675.390 3411576.620 427.480 0.000
430675.270 3411576.470 427.480 0.000
430675.200 3411576.380 427.490 0.000
430675.100 3411576.270 427.500 0.000
430674.940 3411576.100 427.490 0.000
430674.720 3411575.820 427.490 0.000
430674.500 3411575.550 427.510 0.000
430674.300 3411575.330 427.510 0.000
430673.950 3411574.770 427.510 0.000
430673.830 3411574.400 427.500 0.000
430673.560 3411574.070 427.500 0.000
430673.350 3411573.820 427.500 0.000
430673.200 3411573.670 427.520 0.000
430673.100 3411573.590 427.500 0.000
430673.010 3411573.490 427.500 0.000
430672.880 3411573.330 427.490 0.000
430672.650 3411573.100 427.470 0.000
430672.400 3411572.800 427.520 0.000
430672.190 3411572.560 427.490 0.000
430671.950 3411572.320 427.500 0.000
430671.850 3411572.250 427.490 0.000
430671.720 3411572.110 427.520 0.000
430671.370 3411571.570 427.500 0.000
430671.130 3411571.340 427.510 0.000
430670.820 3411570.940 427.520 0.000
430670.550 3411570.530 427.500 0.000
430670.140 3411569.960 427.510 0.000
430669.830 3411569.540 427.500 0.000
430669.600 3411569.170 427.490 0.000
430669.360 3411568.920 427.480 0.000
430669.120 3411568.650 427.520 0.000
430668.930 3411568.450 427.620 0.000
430668.720 3411568.130 427.510 0.000
430668.420 3411567.670 427.500 0.000
430668.170 3411567.400 427.510 0.000
430667.980 3411567.190 427.530 0.000
430667.710 3411566.880 427.530 0.000
430667.560 3411566.740 427.620 0.000
430667.130 3411566.200 427.550 0.000
430666.800 3411565.730 427.510 0.000
430666.650 3411565.530 427.520 0.000
430666.100 3411564.840 427.560 0.000
430665.700 3411564.290 427.550 0.000
430665.580 3411564.090 427.500 0.000
430665.400 3411563.900 427.540 0.000
430665.010 3411563.360 427.500 0.000
430664.830 3411563.190 427.580 0.000
430664.610 3411562.920 427.630 0.000
430664.260 3411562.440 427.540 0.000
430663.870 3411561.900 427.520 0.000
430663.640 3411561.600 427.530 0.000
430663.310 3411561.140 427.540 0.000
430663.050 3411560.880 427.570 0.000
430662.800 3411560.510 427.560 0.000
430662.520 3411560.210 427.570 0.000
430662.380 3411559.930 427.540 0.000
430662.000 3411559.430 427.540 0.000
430661.870 3411559.350 427.570 0.000
430661.430 3411558.810 427.560 0.000
430661.010 3411558.280 427.560 0.000
430660.840 3411558.000 427.560 0.000
430660.660 3411557.750 427.570 0.000
430660.330 3411557.250 427.550 0.000
430660.080 3411557.030 427.600 0.000
430659.920 3411556.870 427.660 0.000
430659.830 3411556.680 427.550 0.000
430659.540 3411556.010 427.590 0.000
430659.320 3411555.790 427.560 0.000
430659.150 3411555.630 427.590 0.000
430658.860 3411555.430 427.580 0.000
430658.680 3411554.850 427.590 0.000
430658.430 3411554.580 427.560 0.000
430658.240 3411554.380 427.590 0.000
430658.090 3411554.270 427.550 0.000
430657.810 3411554.020 427.560 0.000
430657.610 3411553.810 427.590 0.000
430657.390 3411553.550 427.600 0.000
430657.210 3411553.330 427.600 0.000
430657.070 3411552.980 427.590 0.000
430657.090 3411552.750 427.570 0.000
430657.050 3411552.450 427.590 0.000
430656.530 3411551.820 427.560 0.000
430656.170 3411551.620 427.550 0.000
430655.710 3411551.230 427.540 0.000
430655.520 3411550.970 427.550 0.000
430655.210 3411550.730 427.570 0.000
430654.720 3411550.120 427.560 0.000
430654.280 3411549.590 427.670 0.000
430654.140 3411549.230 427.610 0.000
430653.690 3411548.800 427.610 0.000
430653.570 3411548.580 427.600 0.000
430653.210 3411548.160 427.620 0.000
430653.040 3411547.920 427.600 0.000
430652.840 3411547.620 427.600 0.000
430652.520 3411547.290 427.610 0.000
430652.470 3411547.090 427.610 0.000
430652.400 3411546.920 427.600 0.000
430652.000 3411546.470 427.590 0.000
430651.740 3411546.270 427.610 0.000
430651.550 3411545.940 427.590 0.000
430651.310 3411545.620 427.600 0.000
430650.910 3411545.140 427.590 0.000
430650.720 3411544.770 427.600 0.000
430650.470 3411544.510 427.580 0.000
430650.200 3411544.310 427.600 0.000
430650.070 3411544.000 427.600 0.000
430649.500 3411543.430 427.620 0.000
430649.110 3411542.890 427.630 0.000
430648.870 3411542.560 427.590 0.000
430648.650 3411542.300 427.610 0.000
430648.280 3411541.800 427.600 0.000
430648.060 3411541.600 427.630 0.000
430647.930 3411541.400 427.630 0.000
430647.780 3411541.190 427.610 0.000
430647.440 3411540.720 427.610 0.000
430646.940 3411540.160 427.690 0.000
430646.720 3411539.810 427.610 0.000
430646.500 3411539.560 427.640 0.000
430646.100 3411539.020 427.590 0.000
430646.050 3411538.980 427.640 0.000
430645.880 3411538.680 427.600 0.000
430645.660 3411538.450 427.610 0.000
430645.300 3411537.940 427.590 0.000
430645.230 3411537.890 427.590 0.000
430645.140 3411537.810 427.640 0.000
430644.820 3411537.370 427.580 0.000
430644.350 3411536.710 427.620 0.000
430644.090 3411536.350 427.620 0.000
430643.870 3411536.150 427.620 0.000
430643.560 3411535.630 427.600 0.000
430643.450 3411535.520 427.610 0.000
430643.240 3411535.220 427.620 0.000
430824.640 3411769.040 426.950 2.000
430824.510 3411768.860 426.960 2.000
430824.220 3411768.460 426.960 2.000
430823.840 3411767.950 426.960 2.000
430823.660 3411767.820 426.980 2.000
430823.510 3411767.600 426.970 2.000
430823.210 3411767.220 426.990 2.000
430822.800 3411766.640 426.960 2.000
430822.580 3411766.450 427.030 2.000
430822.430 3411766.210 426.980 2.000
430822.210 3411765.850 426.970 2.000
430821.960 3411765.600 426.990 2.000
430821.730 3411765.320 427.040 2.000
430821.550 3411765.120 427.040 2.000
430821.360 3411764.770 426.970 2.000
430821.200 3411764.600 426.970 2.000
430820.580 3411763.870 427.030 2.000
430820.470 3411763.730 427.070 2.000
430820.190 3411763.310 426.980 2.000
430819.860 3411762.720 426.970 2.000
430819.650 3411762.480 426.960 2.000
430819.510 3411762.310 426.980 2.000
430819.340 3411762.130 426.970 2.000
430819.200 3411761.980 426.970 2.000
430819.040 3411761.740 426.990 2.000
430818.820 3411761.450 426.980 2.000
430818.610 3411761.190 426.980 2.000
430818.470 3411761.000 426.980 2.000
430818.390 3411760.900 426.980 2.000
430818.230 3411760.680 426.990 2.000
430818.060 3411760.450 426.980 2.000
430817.850 3411760.150 427.000 2.000
430817.670 3411759.880 426.960 2.000
430817.320 3411759.600 427.000 2.000
430817.080 3411759.230 426.990 2.000
430816.570 3411758.690 427.030 2.000
430816.440 3411758.460 427.030 2.000
430816.360 3411758.330 427.010 2.000
430815.990 3411757.920 427.030 2.000
430815.800 3411757.640 427.000 2.000
430815.370 3411757.150 427.080 2.000
430815.110 3411756.860 427.060 2.000
430815.010 3411756.670 427.020 2.000
430814.860 3411756.390 427.010 2.000
430814.420 3411755.910 427.080 2.000
430814.060 3411755.420 427.010 2.000
430813.900 3411755.110 427.010 2.000
430813.240 3411754.290 427.000 2.000
430812.900 3411753.710 427.000 2.000
430812.600 3411753.480 427.040 2.000
430812.440 3411753.220 427.020 2.000
430812.080 3411752.910 427.050 2.000
430811.810 3411752.550 427.040 2.000
430811.420 3411752.010 427.030 2.000
430811.180 3411751.720 427.030 2.000
430811.090 3411751.620 427.050 2.000
430810.990 3411751.490 427.050 2.000
430810.690 3411750.930 427.010 2.000
430810.440 3411750.650 427.030 2.000
430809.980 3411750.050 427.030 2.000
430809.800 3411749.860 427.030 2.000
430809.570 3411749.620 427.000 2.000
430809.190 3411749.060 427.030 2.000
430809.020 3411748.930 427.010 2.000
430808.890 3411748.750 427.010 2.000
430808.580 3411748.310 427.020 2.000
430808.320 3411748.070 427.040 2.000
430808.170 3411747.800 427.030 2.000
430807.950 3411747.540 427.040 2.000
430807.820 3411747.230 427.040 2.000
430807.170 3411746.380 427.040 2.000
430806.850 3411746.120 427.060 2.000
430806.800 3411745.990 427.030 2.000
430806.730 3411745.820 427.040 2.000
430806.260 3411745.350 427.070 2.000
430806.070 3411745.040 427.030 2.000
430805.680 3411744.640 427.070 2.000
430805.600 3411744.470 427.060 2.000
430805.250 3411743.970 427.060 2.000
430805.040 3411743.690 427.040 2.000
430804.710 3411743.430 427.100 2.000
430804.360 3411743.010 427.130 2.000
430804.150 3411742.730 427.120 2.000
430804.010 3411742.360 427.030 2.000
430803.810 3411742.110 427.040 2.000
430803.340 3411741.570 427.060 2.000
430803.130 3411741.290 427.050 2.000
430802.910 3411740.990 427.070 2.000
430802.690 3411740.740 427.070 2.000
430802.550 3411740.570 427.060 2.000
430802.410 3411740.360 427.050 2.000
430802.280 3411740.220 427.070 2.000
430802.090 3411739.990 427.070 2.000
430801.870 3411739.690 427.070 2.000
430801.010 3411738.620 427.070 2.000
430800.550 3411738.010 427.080 2.000
430800.400 3411737.790 427.080 2.000
430800.280 3411737.660 427.070 2.000
430800.190 3411737.550 427.070 2.000
430800.100 3411737.390 427.080 2.000
430799.940 3411737.160 427.070 2.000
430799.730 3411736.860 427.090 2.000
430799.510 3411736.560 427.060 2.000
430799.160 3411736.240 427.080 2.000
430799.090 3411736.150 427.070 2.000
430799.010 3411736.010 427.080 2.000
430798.710 3411735.510 427.070 2.000
430798.500 3411735.210 427.080 2.000
430798.120 3411734.870 427.090 2.000
430797.980 3411734.630 427.080 2.000
430797.600 3411733.730 427.090 2.000
430797.280 3411733.540 427.090 2.000
430797.020 3411733.420 427.080 2.000
430796.950 3411733.270 427.100 2.000
430796.510 3411732.750 427.080 2.000
430796.050 3411732.200 427.100 2.000
430795.930 3411731.980 427.090 2.000
430795.740 3411731.770 427.100 2.000
430795.440 3411731.430 427.110 2.000
430795.000 3411730.850 427.090 2.000
430794.740 3411730.540 427.120 2.000
430794.710 3411730.400 427.110 2.000
430794.670 3411730.220 427.110 2.000
430794.410 3411729.680 427.100 2.000
430794.110 3411729.440 427.090 2.000
430793.990 3411729.150 427.090 2.000
430793.400 3411728.660 427.100 2.000
430793.150 3411728.440 427.090 2.000
430792.750 3411727.880 427.110 2.000
430792.570 3411727.760 427.110 2.000
430792.460 3411727.560 427.100 2.000
430792.190 3411727.140 427.100 2.000
430791.930 3411726.870 427.090 2.000
430791.470 3411726.310 427.100 2.000
430791.310 3411726.050 427.080 2.000
430791.100 3411725.850 427.120 2.000
430790.720 3411725.250 427.070 2.000
430790.520 3411725.100 427.090 2.000
430789.930 3411724.200 427.060 2.000
430789.390 3411723.480 427.080 2.000
430789.270 3411723.390 427.070 2.000
430789.130 3411723.220 427.100 2.000
430788.890 3411723.000 427.100 2.000
430788.570 3411722.440 427.080 2.000
430788.330 3411722.260 427.090 2.000
430788.170 3411721.920 427.100 2.000
430787.960 3411721.680 427.100 2.000
430787.700 3411721.410 427.100 2.000
430787.370 3411720.850 427.080 2.000
430787.090 3411720.600 427.080 2.000
430786.880 3411720.340 427.080 2.000
430786.660 3411720.060 427.090 2.000
430786.420 3411719.610 427.080 2.000
430786.340 3411719.530 427.100 2.000
430786.260 3411719.460 427.080 2.000
430786.120 3411719.350 427.090 2.000
430785.910 3411719.130 427.110 2.000
430785.590 3411718.530 427.080 2.000
430785.310 3411718.320 427.110 2.000
430785.220 3411718.250 427.100 2.000
430785.000 3411717.840 427.090 2.000
430784.740 3411717.560 427.110 2.000
430784.500 3411717.300 427.110 2.000
430784.340 3411717.110 427.110 2.000
430784.110 3411716.730 427.080 2.000
430783.940 3411716.530 427.080 2.000
430783.710 3411716.260 427.100 2.000
430783.490 3411715.990 427.100 2.000
430783.330 3411715.790 427.110 2.000
430783.150 3411715.600 427.130 2.000
430783.040 3411715.500 427.140 2.000
430782.800 3411714.960 427.110 2.000
430782.550 3411714.720 427.100 2.000
430782.350 3411714.510 427.130 2.000
430782.230 3411714.380 427.140 2.000
430781.970 3411714.010 427.110 2.000
430845.420 3411796.270 426.850 2.000
430845.530 3411795.120 426.850 2.000
430844.450 3411794.530 426.850 2.000
430844.240 3411794.260 426.840 2.000
430844.030 3411794.020 426.870 2.000
430843.880 3411793.840 426.890 2.000
430843.810 3411793.750 426.880 2.000
430843.750 3411793.680 426.860 2.000
430843.640 3411793.550 426.880 2.000
430843.480 3411793.340 426.890 2.000
430843.280 3411793.060 426.870 2.000
430843.100 3411792.810 426.880 2.000
430842.960 3411792.630 426.880 2.000
430842.880 3411792.530 426.850 2.000
430842.770 3411792.330 426.880 2.000
430842.620 3411792.150 426.890 2.000
430842.400 3411791.890 426.880 2.000
430842.210 3411791.620 426.870 2.000
430842.060 3411791.430 426.870 2.000
430841.960 3411791.330 426.880 2.000
430841.870 3411791.260 426.890 2.000
430841.780 3411791.140 426.880 2.000
430841.540 3411790.640 426.880 2.000
430841.310 3411790.360 426.870 2.000
430841.130 3411790.120 426.900 2.000
430840.950 3411789.920 426.890 2.000
430840.870 3411789.810 426.910 2.000
430840.470 3411789.490 426.970 2.000
430840.260 3411789.220 427.000 2.000
430840.070 3411788.990 426.960 2.000
430839.960 3411788.830 426.960 2.000
430839.900 3411788.750 426.920 2.000
430839.830 3411788.660 426.950 2.000
430839.720 3411788.510 426.950 2.000
430839.550 3411788.280 426.930 2.000
430839.360 3411788.010 426.930 2.000
430839.170 3411787.780 426.920 2.000
430839.050 3411787.630 426.920 2.000
430838.990 3411787.530 426.920 2.000
430838.930 3411787.450 426.920 2.000
430838.820 3411787.330 426.940 2.000
430838.640 3411787.130 426.950 2.000
430838.430 3411786.850 426.950 2.000
430838.060 3411786.200 426.920 2.000
430838.000 3411786.120 426.900 2.000
430837.920 3411786.010 426.930 2.000
430837.740 3411785.830 426.910 2.000
430837.520 3411785.560 426.920 2.000
430837.300 3411785.270 426.920 2.000
430837.150 3411785.060 426.910 2.000
430837.040 3411784.950 426.900 2.000
430836.970 3411784.870 426.910 2.000
430836.900 3411784.750 426.920 2.000
430836.770 3411784.570 426.920 2.000
430836.350 3411784.040 426.920 2.000
430836.200 3411783.840 426.910 2.000
430836.040 3411783.650 426.930 2.000
430835.950 3411783.550 426.920 2.000
430835.810 3411783.360 426.930 2.000
430835.630 3411783.110 426.930 2.000
430835.400 3411782.830 426.920 2.000
430835.220 3411782.580 426.950 2.000
430835.100 3411782.410 426.910 2.000
430834.950 3411782.220 426.900 2.000
430834.560 3411781.870 426.990 2.000
430834.360 3411781.600 426.960 2.000
430834.180 3411781.360 426.930 2.000
430834.060 3411781.170 426.940 2.000
430834.010 3411781.060 426.930 2.000
430833.870 3411780.850 426.930 2.000
430833.700 3411780.620 426.930 2.000
430833.200 3411780.140 426.950 2.000
430832.980 3411779.860 426.960 2.000
430832.910 3411779.760 426.950 2.000
430832.930 3411779.510 426.930 2.000
430832.900 3411779.200 426.940 2.000
430832.490 3411778.600 426.940 2.000
430831.770 3411778.270 426.940 2.000
430831.650 3411778.060 426.950 2.000
430831.460 3411777.790 426.930 2.000
430831.160 3411777.540 427.060 2.000
430830.990 3411777.280 427.000 2.000
430830.860 3411777.040 426.930 2.000
430830.710 3411776.720 426.940 2.000
430830.260 3411776.260 426.960 2.000
430830.100 3411775.990 426.960 2.000
430829.800 3411775.670 426.940 2.000
430829.810 3411775.390 426.920 2.000
430829.280 3411774.510 426.940 2.000
430829.040 3411774.410 426.920 2.000
430828.880 3411774.350 426.940 2.000
430828.720 3411774.310 426.950 2.000
430828.620 3411774.160 426.910 2.000
430828.500 3411773.890 426.940 2.000
430828.050 3411773.340 426.920 2.000
430827.880 3411772.960 426.910 2.000
430827.290 3411772.340 426.900 2.000
430827.000 3411772.100 426.890 2.000
430826.430 3411771.360 426.920 2.000
430825.970 3411770.810 426.970 2.000
430825.850 3411770.540 426.940 2.000
430825.620 3411770.170 426.950 2.000
430825.150 3411769.780 427.020 2.000
430824.960 3411769.440 426.950 2.000
430763.250 3411689.970 427.190 4.000
430763.060 3411689.830 427.190 4.000
430762.650 3411689.280 427.200 4.000
430762.260 3411688.850 427.280 4.000
430762.030 3411688.580 427.270 4.000
430761.910 3411688.410 427.210 4.000
430761.760 3411688.140 427.170 4.000
430761.610 3411687.870 427.190 4.000
430761.250 3411687.550 427.210 4.000
430761.090 3411687.290 427.190 4.000
430760.930 3411687.040 427.200 4.000
430760.740 3411686.750 427.170 4.000
430760.280 3411686.240 427.200 4.000
430760.050 3411685.870 427.180 4.000
430759.870 3411685.570 427.170 4.000
430759.500 3411685.200 427.180 4.000
430759.260 3411684.970 427.200 4.000
430759.160 3411684.760 427.190 4.000
430758.990 3411684.490 427.190 4.000
430758.630 3411684.100 427.200 4.000
430758.260 3411683.690 427.210 4.000
430758.090 3411683.390 427.200 4.000
430757.880 3411683.090 427.190 4.000
430757.510 3411682.750 427.260 4.000
430757.450 3411682.590 427.190 4.000
430757.360 3411682.430 427.210 4.000
430756.940 3411681.950 427.210 4.000
430756.770 3411681.680 427.210 4.000
430756.550 3411681.380 427.220 4.000
430756.140 3411680.850 427.200 4.000
430755.770 3411680.340 427.210 4.000
430755.580 3411680.150 427.190 4.000
430755.190 3411679.680 427.210 4.000
430754.840 3411679.180 427.200 4.000
430754.540 3411678.860 427.210 4.000
430754.250 3411678.370 427.230 4.000
430753.990 3411678.120 427.190 4.000
430753.580 3411677.900 427.230 4.000
430753.500 3411677.850 427.220 4.000
430777.750 3411708.590 427.150 4.000
430777.760 3411708.150 427.130 4.000
430777.620 3411707.790 427.140 4.000
430777.310 3411707.310 427.140 4.000
430777.050 3411707.120 427.150 4.000
430776.350 3411706.810 427.140 4.000
430775.750 3411706.150 427.210 4.000
430775.370 3411705.560 427.150 4.000
430775.150 3411705.320 427.160 4.000
430774.860 3411704.970 427.180 4.000
430774.600 3411704.580 427.150 4.000
430774.450 3411704.220 427.150 4.000
430774.200 3411703.960 427.170 4.000
430773.870 3411703.450 427.160 4.000
430773.240 3411702.700 427.150 4.000
430772.910 3411702.460 427.160 4.000
430772.660 3411702.040 427.160 4.000
430772.400 3411701.820 427.180 4.000
430772.220 3411701.500 427.120 4.000
430771.800 3411700.940 427.130 4.000
430771.610 3411700.820 427.110 4.000
430771.240 3411700.280 427.160 4.000
430770.820 3411699.840 427.170 4.000
430770.670 3411699.290 427.130 4.000
430770.070 3411698.650 427.150 4.000
430769.860 3411698.290 427.150 4.000
430769.420 3411697.810 427.110 4.000
430769.200 3411697.250 427.140 4.000
430768.950 3411696.890 427.160 4.000
430768.440 3411696.520 427.170 4.000
430767.930 3411696.000 427.130 4.000
430767.880 3411695.760 427.130 4.000
430767.800 3411695.520 427.150 4.000
430766.890 3411694.830 427.130 4.000
430766.740 3411694.510 427.140 4.000
430766.590 3411694.200 427.160 4.000
430766.420 3411693.880 427.150 4.000
430765.900 3411693.150 427.140 4.000
430765.630 3411692.970 427.170 4.000
430765.210 3411692.480 427.140 4.000
430764.960 3411692.200 427.170 4.000
430764.910 3411692.060 427.170 4.000
430764.780 3411691.830 427.190 4.000
430764.320 3411691.350 427.160 4.000
430764.030 3411691.050 427.180 4.000
430763.970 3411690.910 427.170 4.000
430763.860 3411690.700 427.160 4.000
430763.680 3411690.400 427.180 4.000
