430670.250 3411514.750 427.630 0.000
430670.410 3411514.900 427.630 0.000
430670.540 3411515.320 427.590 0.000
430671.400 3411516.310 427.580 0.000
430671.350 3411516.610 427.590 0.000
430671.770 3411517.800 427.610 0.000
430672.210 3411517.960 427.620 0.000
430672.450 3411518.170 427.630 0.000
430672.980 3411518.500 427.610 0.000
430673.100 3411518.880 427.610 0.000
430674.240 3411519.860 427.570 0.000
430674.650 3411521.100 427.580 0.000
430675.560 3411521.550 427.590 0.000
430675.680 3411522.170 427.570 0.000
430675.940 3411522.730 427.580 0.000
430676.670 3411523.280 427.570 0.000
430676.830 3411523.330 427.560 0.000
430676.950 3411523.480 427.560 0.000
430677.280 3411523.860 427.570 0.000
430677.780 3411524.390 427.610 0.000
430677.970 3411524.720 427.570 0.000
430678.400 3411525.210 427.570 0.000
430678.740 3411525.660 427.610 0.000
430678.820 3411525.900 427.570 0.000
430678.970 3411526.160 427.570 0.000
430679.160 3411526.470 427.560 0.000
430679.550 3411526.800 427.580 0.000
430679.950 3411527.260 427.630 0.000
430680.110 3411527.530 427.590 0.000
430680.280 3411527.790 427.580 0.000
430680.550 3411528.070 427.600 0.000
430680.980 3411528.570 427.570 0.000
430681.500 3411529.210 427.570 0.000
430682.060 3411530.050 427.550 0.000
430682.220 3411530.280 427.560 0.000
430682.340 3411530.430 427.550 0.000
430682.410 3411530.520 427.560 0.000
430682.470 3411530.590 427.580 0.000
430682.580 3411530.740 427.530 0.000
430682.760 3411530.960 427.550 0.000
430682.970 3411531.210 427.540 0.000
430683.140 3411531.410 427.570 0.000
430683.320 3411531.630 427.570 0.000
430683.390 3411531.690 427.560 0.000
430683.500 3411531.820 427.560 0.000
430683.680 3411532.030 427.590 0.000
430683.900 3411532.280 427.570 0.000
430684.100 3411532.490 427.560 0.000
430684.240 3411532.620 427.560 0.000
430684.400 3411532.770 427.570 0.000
430684.550 3411532.870 427.570 0.000
430684.730 3411533.070 427.600 0.000
430684.980 3411533.330 427.650 0.000
430685.290 3411533.820 427.560 0.000
430685.470 3411533.950 427.570 0.000
430685.570 3411534.040 427.570 0.000
430685.840 3411534.490 427.550 0.000
430686.060 3411534.720 427.550 0.000
430686.250 3411534.890 427.560 0.000
430686.390 3411534.980 427.550 0.000
430686.480 3411535.030 427.540 0.000
430686.580 3411535.100 427.570 0.000
430686.870 3411535.540 427.560 0.000
430687.210 3411536.040 427.560 0.000
430687.380 3411536.150 427.550 0.000
430687.690 3411536.480 427.550 0.000
430687.930 3411536.670 427.540 0.000
430688.210 3411536.890 427.530 0.000
430688.510 3411537.290 427.560 0.000
430688.780 3411537.890 427.560 0.000
430689.370 3411538.520 427.560 0.000
430689.480 3411538.580 427.570 0.000
430689.630 3411538.770 427.560 0.000
430689.830 3411538.960 427.560 0.000
430689.980 3411539.310 427.540 0.000
430690.330 3411539.770 427.530 0.000
430690.540 3411539.900 427.530 0.000
430690.680 3411539.990 427.530 0.000
430691.420 3411540.660 427.550 0.000
430691.780 3411540.900 427.540 0.000
430691.860 3411540.930 427.540 0.000
430692.290 3411541.430 427.540 0.000
430692.530 3411541.670 427.540 0.000
430692.730 3411541.860 427.530 0.000
430692.940 3411542.150 427.510 0.000
430693.100 3411542.290 427.530 0.000
430693.350 3411542.510 427.520 0.000
430693.740 3411543.070 427.520 0.000
430694.050 3411543.250 427.570 0.000
430694.240 3411543.540 427.520 0.000
430694.490 3411543.760 427.530 0.000
430694.910 3411544.310 427.510 0.000
430695.350 3411544.740 427.520 0.000
430695.540 3411544.940 427.500 0.000
430695.900 3411545.530 427.510 0.000
430696.080 3411545.680 427.500 0.000
430696.190 3411545.760 427.520 0.000
430696.270 3411545.820 427.490 0.000
430696.400 3411545.920 427.500 0.000
430696.720 3411546.430 427.490 0.000
430696.960 3411546.690 427.510 0.000
430697.170 3411546.880 427.470 0.000
430697.320 3411546.980 427.490 0.000
430697.620 3411547.390 427.490 0.000
430697.760 3411547.700 427.510 0.000
430698.560 3411548.510 427.500 0.000
430699.550 3411549.640 427.490 0.000
430699.900 3411549.760 427.480 0.000
430700.100 3411550.010 427.470 0.000
430700.350 3411550.290 427.500 0.000
430700.580 3411550.530 427.490 0.000
430700.720 3411550.690 427.500 0.000
430700.910 3411550.890 427.480 0.000
430701.050 3411551.020 427.500 0.000
430701.760 3411551.850 427.490 0.000
430701.930 3411552.020 427.500 0.000
430702.030 3411552.120 427.480 0.000
430702.110 3411552.210 427.470 0.000
430702.240 3411552.330 427.490 0.000
430702.430 3411552.530 427.480 0.000
430702.650 3411552.800 427.500 0.000
430702.870 3411553.080 427.490 0.000
430703.040 3411553.270 427.500 0.000
430703.150 3411553.370 427.490 0.000
430703.220 3411553.460 427.480 0.000
430703.530 3411553.830 427.500 0.000
430703.770 3411554.100 427.510 0.000
430704.030 3411554.680 427.480 0.000
430704.160 3411554.810 427.470 0.000
430704.280 3411554.910 427.470 0.000
430704.380 3411555.040 427.480 0.000
430704.790 3411555.530 427.460 0.000
430705.230 3411556.030 427.460 0.000
430705.560 3411556.400 427.460 0.000
430705.670 3411556.570 427.460 0.000
430705.860 3411556.820 427.460 0.000
430706.090 3411557.120 427.450 0.000
430706.300 3411557.360 427.460 0.000
430706.430 3411557.550 427.460 0.000
430706.520 3411557.690 427.460 0.000
430706.610 3411557.810 427.450 0.000
430706.810 3411558.300 427.450 0.000
430707.030 3411558.600 427.440 0.000
430707.240 3411558.860 427.440 0.000
430707.420 3411559.060 427.420 0.000
430707.530 3411559.200 427.440 0.000
430707.620 3411559.330 427.420 0.000
430707.750 3411559.480 427.440 0.000
430708.400 3411560.270 427.450 0.000
430708.580 3411560.490 427.430 0.000
430708.700 3411560.620 427.430 0.000
430708.770 3411560.730 427.440 0.000
430708.860 3411560.880 427.420 0.000
430709.020 3411561.090 427.430 0.000
430709.230 3411561.350 427.410 0.000
430709.690 3411561.790 427.470 0.000
430709.840 3411562.070 427.440 0.000
430710.130 3411562.350 427.390 0.000
430710.330 3411562.660 427.430 0.000
430710.550 3411562.970 427.430 0.000
430711.000 3411563.490 427.430 0.000
430711.070 3411563.620 427.410 0.000
430711.170 3411563.830 427.420 0.000
430711.350 3411564.120 427.410 0.000
430711.860 3411564.600 427.430 0.000
430711.970 3411564.800 427.410 0.000
430712.040 3411564.960 427.410 0.000
430712.120 3411565.090 427.430 0.000
430712.480 3411565.430 427.420 0.000
430712.670 3411565.760 427.420 0.000
430713.070 3411566.150 427.430 0.000
430713.300 3411566.500 427.420 0.000
430713.450 3411566.730 427.410 0.000
430713.710 3411566.960 427.390 0.000
430713.870 3411567.270 427.410 0.000
430714.160 3411567.570 427.410 0.000
430714.330 3411567.780 427.410 0.000
430714.460 3411568.040 427.410 0.000
430714.650 3411568.350 427.410 0.000
430714.930 3411568.570 427.420 0.000
430715.210 3411568.890 427.390 0.000
430715.480 3411569.290 427.400 0.000
430715.630 3411569.590 427.420 0.000
430716.000 3411570.030 427.420 0.000
430716.170 3411570.240 427.430 0.000
430716.380 3411570.500 427.420 0.000
430716.800 3411571.040 427.400 0.000
430717.240 3411571.610 427.410 0.000
430717.420 3411571.710 427.390 0.000
430717.810 3411572.250 427.390 0.000
430718.050 3411572.450 427.410 0.000
430718.220 3411572.700 427.420 0.000
430718.800 3411573.690 427.430 0.000
430718.970 3411573.810 427.390 0.000
430719.550 3411574.530 427.390 0.000
430720.000 3411575.050 427.390 0.000
430720.120 3411575.200 427.400 0.000
430720.450 3411575.670 427.390 0.000
430720.600 3411575.960 427.410 0.000
430721.050 3411576.320 427.420 0.000
430721.290 3411576.730 427.390 0.000
430721.530 3411576.950 427.410 0.000
430721.850 3411577.360 427.410 0.000
430722.000 3411577.600 427.410 0.000
430722.080 3411577.880 427.390 0.000
430722.200 3411578.200 427.400 0.000
430722.650 3411578.650 427.400 0.000
430722.920 3411579.010 427.410 0.000
430723.270 3411579.530 427.410 0.000
430723.470 3411579.780 427.470 0.000
430723.550 3411579.980 427.400 0.000
430723.850 3411580.420 427.420 0.000
430724.220 3411580.960 427.410 0.000
430724.430 3411581.290 427.390 0.000
430724.760 3411581.820 427.390 0.000
430724.960 3411582.190 427.360 0.000
430725.220 3411582.500 427.400 0.000
430725.330 3411582.800 427.380 0.000
430725.460 3411583.130 427.390 0.000
430725.850 3411583.550 427.370 0.000
430726.090 3411583.990 427.380 0.000
430726.430 3411584.490 427.370 0.000
430726.590 3411584.700 427.400 0.000
430726.700 3411584.900 427.370 0.000
430727.060 3411585.370 427.380 0.000
430727.400 3411585.950 427.390 0.000
430727.530 3411586.160 427.360 0.000
430727.640 3411586.420 427.370 0.000
430728.060 3411586.940 427.400 0.000
430728.310 3411587.340 427.380 0.000
430728.520 3411587.600 427.370 0.000
430728.660 3411587.890 427.380 0.000
430728.810 3411588.180 427.380 0.000
430729.040 3411588.480 427.390 0.000
430729.240 3411588.790 427.400 0.000
430729.380 3411589.090 427.370 0.000
430729.830 3411589.750 427.370 0.000
430729.960 3411590.170 427.370 0.000
430730.380 3411590.680 427.380 0.000
430730.710 3411591.260 427.360 0.000
430730.660 3411591.520 427.360 0.000
430730.790 3411592.170 427.370 0.000
430730.860 3411593.170 427.340 0.000
430732.040 3411593.730 427.380 0.000
430732.430 3411593.600 427.400 0.000
430732.710 3411594.030 427.390 0.000
430732.870 3411594.340 427.390 0.000
430733.030 3411594.630 427.370 0.000
430733.280 3411594.920 427.430 0.000
430733.650 3411595.570 427.370 0.000
430733.800 3411595.880 427.380 0.000
430734.060 3411596.180 427.380 0.000
430734.190 3411596.340 427.390 0.000
430734.260 3411596.530 427.360 0.000
430734.640 3411597.040 427.380 0.000
430734.770 3411597.310 427.360 0.000
430734.990 3411597.630 427.360 0.000
430735.060 3411597.810 427.370 0.000
430735.190 3411598.050 427.370 0.000
430735.620 3411598.550 427.390 0.000
430735.730 3411598.760 427.370 0.000
430735.800 3411598.970 427.340 0.000
430735.840 3411599.110 427.360 0.000
430735.960 3411599.340 427.360 0.000
430736.350 3411600.090 427.340 0.000
430736.390 3411600.200 427.350 0.000
430736.220 3411601.300 427.360 0.000
430736.640 3411601.840 427.370 0.000
430738.090 3411602.170 427.320 0.000
430738.900 3411603.310 427.340 0.000
430739.280 3411603.630 427.450 0.000
430739.400 3411603.860 427.340 0.000
430739.580 3411604.090 427.340 0.000
430739.760 3411604.370 427.320 0.000
430739.920 3411604.620 427.330 0.000
430740.090 3411604.850 427.330 0.000
430740.200 3411605.060 427.320 0.000
430740.380 3411605.300 427.320 0.000
430740.890 3411605.720 427.420 0.000
430741.060 3411605.990 427.370 0.000
430741.150 3411606.130 427.350 0.000
430741.260 3411606.330 427.320 0.000
430741.430 3411606.590 427.330 0.000
430741.820 3411606.900 427.440 0.000
430741.950 3411607.190 427.330 0.000
430742.040 3411607.380 427.330 0.000
430742.210 3411607.640 427.320 0.000
430742.380 3411607.910 427.330 0.000
430742.710 3411608.160 427.330 0.000
430742.810 3411608.330 427.340 0.000
430742.940 3411608.500 427.330 0.000
430743.100 3411608.740 427.350 0.000
430743.160 3411609.100 427.340 0.000
430743.500 3411609.580 427.360 0.000
430744.370 3411610.430 427.330 0.000
430744.530 3411610.450 427.370 0.000
430745.000 3411611.040 427.310 0.000
430745.340 3411611.390 427.320 0.000
430745.590 3411611.580 427.330 0.000
430809.170 3411693.780 427.090 0.000
430809.260 3411693.850 427.100 0.000
430809.380 3411693.960 427.120 0.000
430809.570 3411694.160 427.160 0.000
430809.700 3411694.490 427.110 0.000
430809.900 3411694.750 427.090 0.000
430810.060 3411694.940 427.100 0.000
430810.180 3411695.050 427.100 0.000
430810.520 3411695.430 427.100 0.000
430810.730 3411695.690 427.120 0.000
430811.020 3411696.260 427.090 0.000
430811.140 3411696.400 427.080 0.000
430811.370 3411696.570 427.100 0.000
430811.540 3411696.750 427.110 0.000
430811.900 3411697.370 427.100 0.000
430812.120 3411697.580 427.090 0.000
430812.260 3411697.700 427.090 0.000
430812.500 3411698.080 427.090 0.000
430812.700 3411698.310 427.100 0.000
430812.930 3411698.580 427.110 0.000
430813.260 3411699.090 427.100 0.000
430813.340 3411699.180 427.090 0.000
430813.480 3411699.320 427.070 0.000
430813.780 3411699.890 427.100 0.000
430814.000 3411700.140 427.080 0.000
430814.170 3411700.310 427.080 0.000
430814.280 3411700.410 427.080 0.000
430814.380 3411700.490 427.080 0.000
430814.510 3411700.640 427.090 0.000
430814.720 3411700.870 427.090 0.000
430815.070 3411701.460 427.100 0.000
430815.230 3411701.630 427.070 0.000
430815.360 3411701.730 427.090 0.000
430815.670 3411702.210 427.090 0.000
430815.910 3411702.460 427.080 0.000
430816.140 3411702.680 427.070 0.000
430816.540 3411703.200 427.080 0.000
430816.710 3411703.380 427.100 0.000
430817.060 3411703.980 427.070 0.000
430817.270 3411704.160 427.070 0.000
430817.400 3411704.280 427.110 0.000
430817.540 3411704.560 427.080 0.000
430817.840 3411705.030 427.080 0.000
430818.100 3411705.300 427.090 0.000
430818.310 3411705.500 427.100 0.000
430818.610 3411705.860 427.100 0.000
430818.920 3411706.310 427.060 0.000
430819.280 3411706.880 427.070 0.000
430819.450 3411707.010 427.050 0.000
430819.730 3411707.330 427.070 0.000
430820.130 3411707.870 427.070 0.000
430820.460 3411708.350 427.040 0.000
430820.680 3411708.580 427.070 0.000
430820.970 3411708.970 427.070 0.000
430821.420 3411709.500 427.080 0.000
430821.690 3411709.830 427.060 0.000
430821.970 3411710.270 427.060 0.000
430822.250 3411710.510 427.100 0.000
430822.410 3411710.840 427.040 0.000
430822.700 3411711.190 427.050 0.000
430822.900 3411711.400 427.060 0.000
430823.280 3411711.820 427.120 0.000
430823.460 3411712.160 427.060 0.000
430823.910 3411712.690 427.050 0.000
430824.110 3411713.050 427.040 0.000
430824.290 3411713.320 427.040 0.000
430824.780 3411713.820 427.050 0.000
430824.920 3411714.030 427.050 0.000
430825.010 3411714.160 427.030 0.000
430825.060 3411714.280 427.030 0.000
430825.150 3411714.460 427.050 0.000
430825.310 3411714.690 427.050 0.000
430825.520 3411714.970 427.050 0.000
430825.810 3411715.160 427.060 0.000
430825.940 3411715.400 427.040 0.000
430826.030 3411715.530 427.030 0.000
430826.100 3411715.630 427.040 0.000
430826.180 3411715.780 427.030 0.000
430826.310 3411716.020 427.050 0.000
430826.520 3411716.310 427.030 0.000
430827.010 3411716.750 427.040 0.000
430827.200 3411717.030 427.060 0.000
430827.460 3411717.370 427.030 0.000
430827.680 3411717.670 427.050 0.000
430827.910 3411717.970 427.030 0.000
430828.110 3411718.200 427.050 0.000
430828.230 3411718.360 427.040 0.000
430828.430 3411718.600 427.030 0.000
430828.570 3411718.760 427.060 0.000
430828.760 3411719.010 427.050 0.000
430828.970 3411719.300 427.050 0.000
430829.160 3411719.550 427.040 0.000
430829.300 3411719.680 427.080 0.000
430829.370 3411719.780 427.030 0.000
430829.440 3411719.890 427.050 0.000
430829.570 3411720.060 427.030 0.000
430829.780 3411720.300 427.050 0.000
430830.000 3411720.600 427.070 0.000
430830.210 3411720.870 427.030 0.000
430830.370 3411721.060 427.040 0.000
430830.480 3411721.170 427.050 0.000
430830.560 3411721.260 427.050 0.000
430830.680 3411721.410 427.060 0.000
430830.740 3411721.730 427.010 0.000
430830.630 3411722.280 427.030 0.000
430830.880 3411722.870 427.020 0.000
430831.000 3411723.000 427.050 0.000
430832.090 3411723.240 427.030 0.000
430832.300 3411723.510 427.050 0.000
430833.260 3411724.900 427.020 0.000
430833.610 3411725.220 427.020 0.000
430833.660 3411725.350 427.010 0.000
430833.720 3411725.500 427.010 0.000
430833.730 3411725.800 427.000 0.000
430833.970 3411726.520 427.010 0.000
430834.160 3411727.210 427.030 0.000
430834.360 3411727.450 427.020 0.000
430835.550 3411728.010 427.010 0.000
430835.690 3411728.060 427.010 0.000
430835.800 3411728.110 426.990 0.000
430836.410 3411729.680 427.030 0.000
430837.830 3411730.750 427.000 0.000
430837.910 3411730.840 427.000 0.000
430838.020 3411730.940 426.990 0.000
430838.150 3411731.120 427.020 0.000
430838.850 3411732.140 426.980 0.000
430839.060 3411732.760 427.030 0.000
430839.250 3411733.070 427.000 0.000
430839.520 3411734.160 427.010 0.000
430840.750 3411734.490 426.990 0.000
430841.100 3411734.990 427.010 0.000
430841.680 3411735.710 427.010 0.000
430841.940 3411735.950 427.010 0.000
430842.290 3411736.380 427.030 0.000
430842.470 3411736.690 427.000 0.000
430842.660 3411736.970 427.000 0.000
430842.970 3411737.270 427.000 0.000
430843.030 3411737.390 426.980 0.000
430843.110 3411737.520 426.990 0.000
430843.230 3411737.730 426.980 0.000
430843.410 3411738.020 427.010 0.000
430843.880 3411738.470 426.990 0.000
430843.970 3411738.630 426.980 0.000
430844.020 3411738.740 426.990 0.000
430844.210 3411739.000 426.990 0.000
430844.380 3411739.270 426.980 0.000
430844.880 3411739.700 427.000 0.000
430845.050 3411739.920 427.010 0.000
430845.330 3411740.540 426.970 0.000
430845.970 3411741.120 427.010 0.000
430846.070 3411741.210 427.020 0.000
430846.360 3411741.810 426.990 0.000
430846.610 3411742.070 426.990 0.000
430846.980 3411742.490 426.990 0.000
430847.100 3411742.600 427.000 0.000
430847.360 3411743.080 426.960 0.000
430847.590 3411743.330 426.990 0.000
430847.810 3411743.560 426.980 0.000
430847.960 3411743.740 426.980 0.000
430848.060 3411743.850 426.960 0.000
430848.260 3411744.020 427.010 0.000
430848.430 3411744.650 426.970 0.000
430849.300 3411745.350 427.000 0.000
430849.400 3411745.610 426.960 0.000
430849.800 3411746.180 426.970 0.000
430850.030 3411746.370 426.990 0.000
430850.230 3411746.620 426.960 0.000
430850.430 3411746.900 426.970 0.000
430850.780 3411747.400 426.950 0.000
430850.900 3411747.690 426.960 0.000
430851.120 3411748.090 426.980 0.000
430851.530 3411748.390 426.960 0.000
430851.980 3411748.940 426.950 0.000
430852.190 3411749.100 426.970 0.000
430852.410 3411749.470 426.950 0.000
430852.810 3411749.970 426.930 0.000
430853.020 3411750.780 426.930 0.000
430853.770 3411751.720 426.950 0.000
430854.160 3411751.910 426.960 0.000
430854.360 3411752.110 426.950 0.000
430854.730 3411752.540 426.940 0.000
430855.020 3411752.770 426.950 0.000
430855.160 3411753.040 426.940 0.000
430855.460 3411753.410 426.950 0.000
430855.570 3411753.610 426.940 0.000
430855.760 3411753.880 426.950 0.000
430856.210 3411754.650 426.940 0.000
430856.770 3411755.120 426.950 0.000
430857.220 3411755.580 426.960 0.000
430857.330 3411755.790 426.950 0.000
430857.390 3411755.920 426.950 0.000
430857.770 3411756.340 426.950 0.000
430857.960 3411756.650 426.940 0.000
430858.150 3411756.920 426.920 0.000
430858.270 3411757.120 426.940 0.000
430858.600 3411757.420 426.930 0.000
430858.740 3411757.640 426.940 0.000
430858.930 3411757.940 426.920 0.000
430859.140 3411758.230 426.950 0.000
430859.310 3411758.450 426.930 0.000
430859.670 3411758.730 426.950 0.000
430860.180 3411759.450 426.940 0.000
430860.460 3411759.820 426.940 0.000
430860.500 3411759.910 426.940 0.000
430860.550 3411760.020 426.940 0.000
430860.660 3411760.190 426.940 0.000
430860.830 3411760.430 426.930 0.000
430861.300 3411760.860 426.950 0.000
430861.440 3411761.040 426.950 0.000
430861.520 3411761.150 426.940 0.000
430861.590 3411761.250 426.950 0.000
430861.700 3411761.420 426.930 0.000
430861.880 3411761.660 426.910 0.000
430862.090 3411761.930 426.920 0.000
430862.280 3411762.180 426.920 0.000
430862.420 3411762.370 426.920 0.000
430862.520 3411762.480 426.900 0.000
430862.590 3411762.550 426.920 0.000
430862.680 3411762.650 426.950 0.000
430862.810 3411762.860 426.910 0.000
430863.030 3411763.130 426.920 0.000
430863.230 3411763.370 426.980 0.000
430863.370 3411763.570 426.910 0.000
430863.520 3411763.770 426.920 0.000
430863.620 3411763.880 426.970 0.000
430863.770 3411764.080 426.950 0.000
430864.260 3411764.920 426.890 0.000
430864.350 3411765.030 426.920 0.000
430864.510 3411765.210 426.920 0.000
430864.670 3411765.390 426.930 0.000
430864.870 3411765.650 426.900 0.000
430865.080 3411765.920 426.910 0.000
430865.260 3411766.130 426.910 0.000
430865.390 3411766.250 426.910 0.000
430865.450 3411766.340 426.910 0.000
430865.510 3411766.440 426.920 0.000
430865.630 3411766.590 426.920 0.000
430865.800 3411766.810 426.910 0.000
430866.000 3411767.070 426.920 0.000
430866.160 3411767.310 426.920 0.000
430866.280 3411767.460 426.900 0.000
430866.360 3411767.560 426.910 0.000
430866.420 3411767.650 426.890 0.000
430866.520 3411767.800 426.890 0.000
430866.690 3411768.030 426.900 0.000
430866.900 3411768.290 426.890 0.000
430867.070 3411768.520 426.890 0.000
430867.200 3411768.700 426.880 0.000
430867.280 3411768.800 426.900 0.000
430867.350 3411768.870 426.890 0.000
430867.740 3411769.120 426.950 0.000
430868.070 3411769.740 426.890 0.000
430868.220 3411769.920 426.880 0.000
430868.400 3411770.120 426.890 0.000
430868.510 3411770.220 426.860 0.000
430868.650 3411770.400 426.890 0.000
430868.840 3411770.660 426.870 0.000
430869.050 3411770.920 426.880 0.000
430869.200 3411771.090 426.890 0.000
430869.270 3411771.210 426.890 0.000
430869.390 3411771.410 426.880 0.000
430869.530 3411771.570 426.870 0.000
430869.700 3411771.810 426.890 0.000
430869.900 3411772.090 426.880 0.000
430870.060 3411772.300 426.890 0.000
430870.180 3411772.440 426.880 0.000
430870.240 3411772.520 426.860 0.000
430870.310 3411772.620 426.900 0.000
430870.450 3411772.780 426.860 0.000
430870.660 3411773.010 426.880 0.000
430870.870 3411773.280 426.870 0.000
430871.050 3411773.510 426.840 0.000
430871.190 3411773.660 426.850 0.000
430871.270 3411773.740 426.860 0.000
430871.310 3411773.800 426.890 0.000
430871.400 3411773.930 426.840 0.000
430871.570 3411774.160 426.810 0.000
430871.950 3411774.650 426.830 0.000
430872.070 3411774.820 426.820 0.000
430872.190 3411774.960 426.810 0.000
430872.260 3411775.070 426.850 0.000
430872.410 3411775.290 426.850 0.000
430872.620 3411775.560 426.860 0.000
430872.810 3411775.800 426.870 0.000
430873.180 3411776.060 426.940 0.000
430873.300 3411776.470 426.890 0.000
430873.700 3411777.000 426.860 0.000
430873.960 3411777.300 426.860 0.000
430874.020 3411777.380 426.850 0.000
430874.100 3411777.470 426.870 0.000
430874.240 3411777.620 426.850 0.000
430874.630 3411778.110 426.890 0.000
430874.900 3411778.420 426.830 0.000
430875.000 3411778.550 426.870 0.000
430875.120 3411778.710 426.870 0.000
430875.320 3411778.930 426.850 0.000
430875.510 3411779.190 426.840 0.000
430875.690 3411779.420 426.850 0.000
430875.810 3411779.560 426.860 0.000
430876.120 3411780.160 426.840 0.000
430876.340 3411780.410 426.820 0.000
430876.520 3411780.650 426.840 0.000
430876.640 3411780.830 426.820 0.000
430876.720 3411780.920 426.840 0.000
430876.780 3411780.980 426.820 0.000
430876.840 3411781.080 426.820 0.000
430876.980 3411781.280 426.830 0.000
430877.180 3411781.540 426.820 0.000
430877.660 3411781.950 426.850 0.000
430877.700 3411782.000 426.860 0.000
430877.770 3411782.080 426.860 0.000
430877.910 3411782.270 426.850 0.000
430878.110 3411782.550 426.850 0.000
430878.330 3411782.820 426.830 0.000
430878.570 3411783.110 426.840 0.000
430878.690 3411783.270 426.840 0.000
430878.910 3411783.780 426.830 0.000
430879.110 3411784.060 426.810 0.000
430879.280 3411784.270 426.820 0.000
430879.390 3411784.390 426.800 0.000
430879.440 3411784.460 426.800 0.000
430879.880 3411784.820 426.810 0.000
430880.190 3411785.300 426.780 0.000
430880.280 3411785.450 426.810 0.000
430880.470 3411785.760 426.800 0.000
430880.830 3411786.230 426.790 0.000
430881.000 3411786.470 426.790 0.000
430881.110 3411786.650 426.790 0.000
430881.240 3411786.800 426.770 0.000
430881.320 3411786.910 426.800 0.000
430881.490 3411787.130 426.770 0.000
430881.700 3411787.400 426.780 0.000
430881.920 3411787.650 426.790 0.000
430882.070 3411787.840 426.770 0.000
430882.220 3411788.010 426.780 0.000
430882.640 3411788.530 426.770 0.000
430883.520 3411789.620 426.750 0.000
430883.710 3411789.910 426.740 0.000
430883.890 3411790.130 426.760 0.000
430884.080 3411790.370 426.760 0.000
430884.260 3411790.630 426.740 0.000
430884.460 3411790.860 426.740 0.000
430884.830 3411791.380 426.750 0.000
430885.030 3411791.680 426.720 0.000
430885.110 3411791.830 426.730 0.000
430885.830 3411792.630 426.750 0.000
430885.900 3411792.730 426.760 0.000
430885.940 3411792.800 426.730 0.000
430886.010 3411792.940 426.730 0.000
430886.150 3411793.170 426.700 0.000
430886.350 3411793.450 426.710 0.000
430886.550 3411793.710 426.700 0.000
430886.900 3411794.050 426.690 0.000
430887.000 3411794.170 426.700 0.000
430887.130 3411794.380 426.700 0.000
430887.340 3411794.680 426.690 0.000
430887.550 3411794.970 426.700 0.000
430887.940 3411795.330 426.710 0.000
430888.100 3411795.600 426.700 0.000
430888.250 3411795.880 426.680 0.000
430888.440 3411796.200 426.690 0.000
430888.790 3411796.510 426.670 0.000
430801.190 3411683.340 427.120 5.000
430801.590 3411683.950 427.160 5.000
430801.740 3411684.450 427.120 5.000
430802.740 3411685.530 427.140 5.000
430802.980 3411685.890 427.130 5.000
430803.230 3411686.290 427.110 5.000
430803.470 3411686.550 427.120 5.000
430803.720 3411687.030 427.100 5.000
430804.630 3411688.080 427.120 5.000
430756.800 3411626.270 427.340 9.000
430756.970 3411626.550 427.330 9.000
430757.160 3411626.870 427.300 9.000
430757.690 3411627.470 427.310 9.000
430757.780 3411627.630 427.290 9.000
430758.530 3411629.170 427.320 9.000
430759.560 3411630.170 427.300 9.000
430759.750 3411630.190 427.290 9.000
430760.170 3411631.290 427.290 9.000
430760.180 3411631.640 427.290 9.000
430761.260 3411632.600 427.290 9.000
430761.810 3411632.810 427.290 9.000
430762.060 3411633.210 427.270 9.000
430762.050 3411633.600 427.310 9.000
430762.450 3411634.510 427.290 9.000
430762.590 3411634.600 427.290 9.000
430762.920 3411634.810 427.300 9.000
430763.290 3411634.920 427.300 9.000
430763.990 3411635.650 427.280 9.000
430764.240 3411636.020 427.290 9.000
430764.750 3411636.780 427.270 9.000
430764.930 3411637.000 427.280 9.000
430765.170 3411637.230 427.250 9.000
430765.310 3411637.670 427.270 9.000
430766.050 3411638.620 427.280 9.000
430766.140 3411638.730 427.290 9.000
430766.240 3411638.860 427.260 9.000
430766.560 3411639.370 427.270 9.000
430766.890 3411639.600 427.270 9.000
430767.190 3411639.770 427.270 9.000
430767.410 3411640.010 427.280 9.000
430767.470 3411640.150 427.270 9.000
430767.570 3411640.360 427.250 9.000
430767.720 3411641.110 427.280 9.000
430768.790 3411641.960 427.230 9.000
430769.020 3411642.220 427.230 9.000
430781.230 3411657.630 427.180 11.000
430781.360 3411657.960 427.180 11.000
430781.690 3411658.380 427.200 11.000
430781.680 3411658.870 427.220 11.000
430782.390 3411659.750 427.200 11.000
430782.770 3411660.030 427.180 11.000
430783.380 3411660.620 427.190 11.000
430783.540 3411660.750 427.210 11.000
430783.570 3411660.860 427.210 11.000
430783.640 3411661.040 427.200 11.000
430783.800 3411661.300 427.200 11.000
430784.230 3411661.790 427.180 11.000
430784.320 3411661.960 427.190 11.000
430784.370 3411662.050 427.180 11.000
430784.960 3411662.740 427.220 11.000
430785.710 3411663.580 427.200 11.000
430786.250 3411664.250 427.180 11.000
430786.580 3411664.680 427.200 11.000
430786.730 3411664.940 427.180 11.000
430787.340 3411665.970 427.180 11.000
430787.610 3411666.120 427.180 11.000
430787.780 3411666.410 427.180 11.000
430787.950 3411666.660 427.170 11.000
430788.750 3411667.420 427.230 11.000
430788.890 3411667.700 427.170 11.000
430789.190 3411668.000 427.190 11.000
430789.300 3411669.210 427.200 11.000
430790.230 3411669.590 427.150 11.000
430790.360 3411670.650 427.190 11.000
430790.700 3411671.100 427.200 11.000
