-17.685000,-71.895000,418.210000
-17.950000,-73.355000,418.210000
-19.825000,-80.775000,418.115000
-20.210000,-81.710000,418.100000
-16.215000,-65.725000,418.280000
-16.945000,-69.080000,418.245000
-17.520000,-70.930000,418.230000
-18.985000,-76.800000,418.145000
-16.230000,-66.150000,418.305000
-19.960000,-81.230000,418.110000
-20.580000,-82.810000,418.140000
-20.780000,-83.625000,418.100000
-20.270000,-81.875000,418.120000
-20.805000,-84.050000,418.095000
-14.720000,-60.175000,418.365000
-15.460000,-62.490000,418.335000
-17.130000,-69.895000,418.245000
-15.005000,-60.830000,418.355000
-15.745000,-64.150000,418.310000
-20.685000,-83.220000,418.100000
-22.580000,-90.385000,417.995000
-22.880000,-91.575000,418.000000
-23.375000,-92.730000,417.930000
-13.080000,-53.260000,418.400000
-13.260000,-54.455000,418.405000
-14.580000,-59.070000,418.345000
-13.400000,-54.915000,418.410000
-13.215000,-53.750000,418.400000
-23.520000,-94.140000,417.960000
-24.425000,-96.910000,417.935000
-24.430000,-97.220000,417.935000
-11.190000,-47.130000,418.490000
-11.795000,-48.345000,418.480000
-11.860000,-48.630000,418.455000
-12.535000,-51.380000,418.435000
-12.935000,-52.820000,418.415000
-11.840000,-48.495000,418.460000
-12.635000,-51.750000,418.430000
-12.480000,-51.160000,418.440000
-11.235000,-47.275000,418.500000
-24.900000,-98.550000,417.900000
-24.960000,-99.505000,417.910000
-25.090000,-99.990000,417.900000
-25.065000,-99.825000,417.905000
-25.850000,-103.650000,417.775000
-9.285000,-38.560000,418.625000
-10.220000,-42.515000,418.575000
-10.970000,-46.075000,418.515000
-9.410000,-39.685000,418.590000
-25.730000,-103.415000,417.800000
-25.835000,-103.830000,417.790000
-27.600000,-109.375000,417.765000
-27.805000,-110.030000,417.745000
-27.910000,-110.540000,417.750000
-28.010000,-111.095000,417.730000
-8.085000,-34.190000,418.635000
-8.440000,-35.205000,418.605000
-8.870000,-37.050000,418.625000
-8.695000,-36.470000,418.630000
-8.370000,-34.870000,418.615000
-28.000000,-111.055000,417.735000
-28.025000,-111.165000,417.735000
-28.220000,-112.110000,417.730000
-29.620000,-117.275000,417.670000
-28.235000,-112.210000,417.730000
-29.670000,-117.930000,417.655000
-29.875000,-118.810000,417.655000
-29.820000,-119.350000,417.650000
-5.495000,-25.630000,418.725000
-6.865000,-29.660000,418.650000
-6.360000,-28.620000,418.710000
-6.895000,-29.790000,418.660000
-29.840000,-119.080000,417.640000
-30.190000,-120.730000,417.635000
-30.875000,-123.455000,417.610000
-31.055000,-123.905000,417.600000
-31.005000,-123.800000,417.605000
-31.250000,-124.410000,417.595000
-31.455000,-124.925000,417.585000
-31.175000,-124.175000,417.585000
-31.560000,-125.195000,417.575000
-3.910000,-19.185000,418.830000
-4.290000,-20.305000,418.815000
-4.530000,-21.185000,418.810000
-4.180000,-20.110000,418.810000
-31.340000,-124.625000,417.590000
-31.815000,-126.100000,417.575000
-31.895000,-126.295000,417.570000
-33.500000,-131.560000,417.470000
-1.745000,-10.920000,418.915000
-1.915000,-11.760000,418.915000
-2.130000,-12.705000,418.905000
-3.705000,-18.280000,418.855000
-3.820000,-18.680000,418.850000
-2.040000,-12.450000,418.915000
-3.815000,-18.640000,418.845000
-3.825000,-18.725000,418.845000
-2.215000,-12.940000,418.900000
-34.440000,-135.090000,417.455000
-34.570000,-135.795000,417.430000
-0.065000,-3.415000,419.030000
-0.225000,-4.115000,419.025000
-0.610000,-6.020000,418.965000
-0.790000,-6.950000,418.950000
-1.875000,-11.205000,418.920000
-0.180000,-3.965000,419.030000
-0.755000,-6.465000,418.955000
-1.645000,-10.725000,418.920000
-35.205000,-138.680000,417.405000
-36.870000,-142.985000,417.355000
1.515000,3.185000,419.075000
0.890000,0.470000,419.045000
0.050000,-2.845000,419.050000
0.975000,0.840000,419.050000
-0.275000,-4.305000,419.030000
0.160000,-2.620000,419.040000
-36.830000,-144.565000,417.370000
-36.935000,-145.415000,417.350000
-37.675000,-148.125000,417.295000
2.475000,8.100000,419.150000
2.360000,7.530000,419.170000
2.425000,7.870000,419.180000
2.340000,6.850000,419.130000
-37.600000,-147.985000,417.290000
-38.645000,-152.770000,417.210000
-38.775000,-153.095000,417.205000
-40.720000,-159.055000,417.185000
4.245000,13.930000,419.205000
4.075000,13.460000,419.230000
4.165000,13.730000,419.225000
2.435000,9.860000,419.175000
-39.500000,-155.455000,417.195000
-40.820000,-159.965000,417.155000
-40.950000,-160.890000,417.150000
-41.130000,-161.540000,417.140000
6.230000,20.915000,419.330000
5.910000,19.225000,419.285000
4.430000,14.450000,419.220000
5.985000,19.710000,419.290000
4.550000,14.745000,419.225000
-41.600000,-164.270000,417.065000
-41.890000,-165.070000,417.060000
-43.790000,-169.660000,417.040000
-43.825000,-170.070000,417.035000
7.990000,29.090000,419.400000
6.290000,22.205000,419.310000
7.790000,28.305000,419.415000
-43.825000,-170.140000,417.025000
-44.005000,-171.325000,417.035000
-43.900000,-170.790000,416.995000
-43.980000,-172.280000,416.995000
-44.210000,-173.265000,417.000000
-44.955000,-175.530000,416.965000
9.675000,35.425000,419.500000
9.310000,34.500000,419.485000
8.555000,31.350000,419.445000
8.510000,30.855000,419.420000
9.340000,34.625000,419.530000
-44.890000,-175.410000,416.960000
-45.935000,-178.990000,416.915000
-46.035000,-180.090000,416.905000
-46.285000,-180.690000,416.935000
-46.740000,-181.930000,416.870000
11.710000,44.305000,419.600000
9.915000,37.400000,419.535000
9.835000,36.325000,419.510000
9.190000,34.150000,419.480000
9.835000,36.940000,419.535000
9.755000,35.810000,419.505000
-47.490000,-184.600000,416.835000
-47.510000,-185.060000,416.840000
-47.795000,-185.940000,416.830000
-47.745000,-186.450000,416.815000
12.780000,49.700000,419.665000
12.555000,48.230000,419.645000
11.845000,44.730000,419.590000
12.130000,45.485000,419.610000
11.195000,41.590000,419.565000
-48.325000,-189.345000,416.800000
-48.560000,-190.230000,416.795000
-49.150000,-192.765000,416.755000
-49.455000,-193.420000,416.780000
-49.565000,-194.220000,416.740000
14.000000,55.770000,419.780000
12.540000,49.205000,419.650000
13.730000,53.240000,419.725000
-49.515000,-194.000000,416.735000
-50.560000,-198.040000,416.675000
-50.985000,-198.795000,416.665000
-52.060000,-202.175000,416.650000
-51.160000,-199.385000,416.650000
-52.175000,-202.865000,416.645000
15.420000,60.910000,419.800000
15.185000,60.015000,419.760000
-52.320000,-203.845000,416.630000
-52.630000,-204.450000,416.615000
-52.660000,-204.590000,416.630000
-53.720000,-208.265000,416.570000
17.165000,67.080000,419.865000
16.675000,65.775000,419.860000
15.255000,60.420000,419.795000
16.690000,65.800000,419.865000
-53.755000,-208.370000,416.565000
-54.690000,-209.885000,416.485000
-55.485000,-214.785000,416.530000
19.775000,77.785000,419.970000
18.950000,74.120000,419.915000
18.335000,71.420000,419.910000
16.405000,64.640000,419.820000
18.365000,71.675000,419.885000
18.155000,70.410000,419.870000
-55.535000,-215.175000,416.520000
-55.545000,-216.230000,416.500000
-55.835000,-217.075000,416.480000
-57.305000,-222.915000,416.420000
20.820000,82.615000,420.035000
20.340000,81.145000,419.970000
19.830000,78.195000,419.975000
19.280000,75.325000,419.930000
20.375000,80.540000,420.020000
19.785000,77.955000,419.980000
-56.150000,-218.965000,416.455000
-57.580000,-224.040000,416.410000
-57.740000,-224.715000,416.395000
-58.140000,-225.695000,416.380000
-59.135000,-228.960000,416.340000
23.360000,92.400000,420.145000
22.275000,88.305000,420.095000
22.260000,87.715000,420.085000
20.310000,81.380000,419.940000
22.255000,88.115000,420.085000
22.065000,86.885000,420.080000
-58.725000,-227.520000,416.370000
-59.415000,-230.065000,416.370000
-59.280000,-229.715000,416.350000
-60.125000,-233.335000,416.340000
-60.240000,-233.730000,416.300000
24.200000,96.830000,420.220000
23.650000,95.560000,420.240000
23.205000,91.890000,420.130000
24.020000,96.345000,420.215000
23.685000,95.380000,420.230000
-60.540000,-236.045000,416.265000
-61.145000,-237.970000,416.215000
-61.040000,-237.805000,416.220000
-61.395000,-238.415000,416.230000
-62.340000,-241.495000,416.210000
26.015000,104.490000,420.300000
25.590000,103.370000,420.295000
25.405000,102.065000,420.320000
25.780000,103.740000,420.290000
-62.600000,-242.365000,416.180000
-62.985000,-243.485000,416.185000
-63.590000,-246.590000,416.135000
-62.960000,-243.960000,416.185000
-63.685000,-247.550000,416.110000
28.120000,112.980000,420.370000
27.215000,109.085000,420.360000
27.095000,108.050000,420.340000
27.615000,110.755000,420.385000
27.155000,108.640000,420.360000
-63.740000,-248.030000,416.105000
-64.100000,-249.300000,416.100000
-64.415000,-250.095000,416.105000
-64.700000,-250.945000,416.085000
-64.550000,-250.490000,416.135000
-65.685000,-255.445000,416.020000
29.530000,119.805000,420.510000
29.290000,118.390000,420.495000
28.820000,116.335000,420.480000
29.065000,117.605000,420.485000
-66.345000,-257.275000,415.990000
-66.500000,-257.640000,415.990000
-66.710000,-258.465000,415.980000
-67.210000,-259.930000,415.975000
-67.385000,-260.565000,416.000000
31.750000,128.040000,420.640000
31.175000,125.250000,420.565000
29.915000,121.805000,420.585000
29.470000,119.460000,420.505000
30.050000,122.250000,420.555000
29.800000,121.225000,420.550000
-67.300000,-260.235000,415.965000
-67.450000,-261.625000,415.955000
-68.810000,-267.000000,415.905000
-69.190000,-267.800000,415.900000
-69.340000,-268.560000,415.885000
-69.435000,-269.105000,415.880000
33.075000,133.250000,420.705000
32.805000,131.835000,420.670000
31.715000,127.880000,420.625000
33.080000,132.865000,420.695000
32.160000,130.735000,420.645000
-69.405000,-268.820000,415.885000
-69.775000,-270.705000,415.845000
-70.060000,-271.400000,415.845000
-71.205000,-275.095000,415.800000
-71.830000,-276.080000,415.775000
-72.025000,-276.260000,415.735000
34.475000,140.510000,420.770000
33.670000,137.460000,420.725000
33.505000,135.205000,420.725000
33.715000,136.990000,420.750000
34.105000,139.270000,420.760000
-72.265000,-277.300000,415.760000
-72.800000,-280.790000,415.735000
-72.965000,-281.285000,415.755000
-73.320000,-281.960000,415.720000
-73.225000,-281.765000,415.720000
36.070000,147.810000,420.915000
36.060000,146.965000,420.895000
35.325000,144.015000,420.835000
36.090000,147.250000,420.885000
-73.390000,-282.665000,415.715000
-74.110000,-285.855000,415.660000
-74.625000,-287.520000,415.675000
-74.510000,-287.290000,415.640000
-74.710000,-287.740000,415.685000
37.750000,153.720000,421.005000
37.205000,151.820000,420.955000
36.810000,150.770000,420.945000
35.790000,145.400000,420.885000
37.105000,151.625000,420.955000
36.165000,148.570000,420.880000
37.605000,153.015000,420.980000
-75.505000,-291.260000,415.590000
-75.545000,-291.890000,415.595000
-76.095000,-293.535000,415.585000
-76.445000,-294.305000,415.595000
39.040000,160.800000,421.120000
38.945000,159.865000,421.115000
38.725000,158.780000,421.095000
38.840000,159.245000,421.090000
39.000000,160.500000,421.115000
-76.445000,-294.925000,415.585000
-76.895000,-297.110000,415.505000
-78.140000,-302.435000,415.485000
40.790000,167.790000,421.235000
40.645000,166.700000,421.185000
39.740000,162.930000,421.130000
39.845000,163.230000,421.155000
39.360000,161.725000,421.135000
40.710000,167.490000,421.215000
-78.220000,-302.855000,415.460000
-79.170000,-305.830000,415.420000
-79.445000,-306.490000,415.400000
43.115000,178.155000,421.390000
42.795000,176.690000,421.370000
41.100000,168.830000,421.230000
41.295000,169.300000,421.255000
42.980000,177.730000,421.370000
-79.415000,-307.460000,415.390000
-79.675000,-308.445000,415.375000
-81.040000,-313.805000,415.325000
-80.940000,-313.350000,415.340000
44.255000,183.880000,421.510000
43.635000,180.795000,421.440000
43.485000,179.725000,421.415000
43.710000,181.265000,421.455000
43.290000,178.820000,421.395000
43.610000,180.690000,421.420000
-81.395000,-314.820000,415.320000
-81.690000,-315.600000,415.325000
-82.890000,-320.165000,415.255000
-83.105000,-321.035000,415.250000
-82.975000,-320.555000,415.255000
45.410000,188.725000,421.560000
45.250000,188.050000,421.560000
45.050000,187.200000,421.535000
45.305000,188.315000,421.565000
-83.230000,-321.360000,415.245000
-83.405000,-322.085000,415.240000
-83.500000,-322.550000,415.230000
-83.435000,-322.215000,415.230000
-84.135000,-325.105000,415.190000
-83.550000,-322.940000,415.230000
-84.245000,-325.510000,415.210000
-84.195000,-325.280000,415.190000
47.570000,197.975000,421.725000
45.700000,189.550000,421.580000
46.225000,191.725000,421.630000
-84.460000,-326.250000,415.185000
-86.165000,-331.330000,415.125000
-86.200000,-331.525000,415.130000
-86.260000,-331.965000,415.130000
-86.390000,-332.385000,415.130000
48.540000,202.155000,421.805000
48.150000,201.070000,421.765000
47.820000,199.565000,421.770000
-86.715000,-333.765000,415.105000
-87.380000,-336.550000,415.090000
-88.030000,-338.505000,415.040000
51.120000,212.185000,421.980000
50.680000,209.475000,422.000000
49.330000,204.565000,421.865000
48.695000,202.555000,421.830000
48.025000,200.655000,421.755000
49.345000,205.020000,421.875000
48.250000,201.240000,421.790000
49.255000,204.165000,421.865000
-89.410000,-342.530000,414.995000
-89.470000,-342.730000,414.985000
-89.930000,-345.275000,414.970000
52.380000,218.540000,422.090000
51.280000,214.700000,421.965000
51.200000,213.460000,421.980000
51.745000,217.480000,422.025000
50.985000,211.850000,421.965000
51.245000,213.755000,421.975000
-89.855000,-344.975000,414.970000
-89.985000,-345.995000,414.955000
-89.945000,-345.480000,414.960000
-91.155000,-350.405000,414.910000
-91.510000,-351.635000,414.915000
54.590000,228.035000,422.295000
52.880000,220.910000,422.120000
52.690000,220.275000,422.120000
52.550000,219.590000,422.100000
52.845000,220.845000,422.130000
52.535000,219.270000,422.090000
52.625000,220.060000,422.155000
-91.370000,-350.960000,414.905000
-92.335000,-354.740000,414.850000
-92.745000,-356.050000,414.840000
-92.935000,-356.875000,414.840000
-92.875000,-356.530000,414.835000
-93.360000,-358.910000,414.810000
55.615000,232.580000,422.380000
55.465000,232.145000,422.355000
54.640000,229.355000,422.315000
53.170000,222.075000,422.155000
54.660000,228.650000,422.305000
-92.990000,-357.210000,414.845000
-93.445000,-359.705000,414.790000
-94.590000,-363.875000,414.755000
-94.675000,-364.300000,414.745000
-94.900000,-365.125000,414.735000
-94.865000,-364.845000,414.745000
57.065000,240.745000,422.560000
56.905000,239.145000,422.520000
56.235000,235.260000,422.390000
55.455000,232.030000,422.350000
56.930000,239.610000,422.525000
55.565000,232.410000,422.375000
56.350000,235.505000,422.415000
-95.235000,-366.400000,414.725000
-95.750000,-368.375000,414.700000
-96.270000,-370.030000,414.740000
-96.280000,-370.455000,414.700000
58.205000,246.685000,422.690000
57.850000,244.925000,422.620000
57.660000,244.220000,422.620000
57.680000,244.400000,422.620000
57.640000,243.540000,422.625000
-97.275000,-373.700000,414.625000
-97.320000,-374.055000,414.635000
-97.730000,-375.280000,414.595000
60.245000,254.620000,422.845000
60.100000,254.050000,422.845000
59.070000,249.705000,422.745000
58.420000,247.280000,422.695000
58.285000,246.880000,422.690000
59.985000,253.515000,422.820000
58.375000,247.140000,422.690000
58.510000,247.480000,422.705000
57.915000,245.665000,422.645000
-98.425000,-378.040000,414.565000
-99.720000,-382.200000,414.515000
-99.165000,-380.435000,414.575000
-99.710000,-382.350000,414.510000
61.960000,261.540000,422.985000
61.740000,260.780000,422.965000
61.675000,260.190000,422.950000
60.340000,255.060000,422.855000
61.765000,260.995000,422.975000
61.330000,259.285000,422.945000
60.165000,254.260000,422.850000
61.730000,260.565000,422.965000
-99.690000,-383.190000,414.505000
-101.270000,-387.840000,414.470000
-100.035000,-384.265000,414.510000
-101.550000,-388.740000,414.465000
63.160000,268.350000,423.115000
63.145000,267.795000,423.145000
62.255000,262.995000,423.025000
63.155000,268.210000,423.115000
62.240000,262.755000,423.015000
62.320000,263.345000,423.030000
-102.075000,-391.270000,414.420000
-102.290000,-392.025000,414.440000
-102.320000,-392.560000,414.405000
-102.245000,-391.545000,414.415000
-102.305000,-392.390000,414.405000
63.320000,272.500000,423.285000
63.155000,270.520000,423.190000
-103.000000,-395.970000,414.360000
-103.485000,-397.200000,414.355000
-103.160000,-396.360000,414.350000
-104.400000,-400.330000,414.305000
-104.495000,-400.905000,414.295000
65.175000,278.620000,423.355000
65.115000,278.275000,423.360000
64.775000,276.655000,423.300000
64.915000,276.965000,423.320000
-105.220000,-403.265000,414.265000
-105.510000,-404.050000,414.250000
-105.380000,-403.570000,414.260000
-106.865000,-408.180000,414.215000
-106.855000,-408.975000,414.230000
66.080000,283.005000,423.465000
65.405000,280.540000,423.385000
65.145000,278.470000,423.355000
65.935000,282.300000,423.450000
65.330000,279.610000,423.370000
-107.270000,-410.610000,414.220000
-107.785000,-412.450000,414.185000
-108.590000,-416.175000,414.105000
68.240000,291.410000,423.625000
67.790000,290.175000,423.605000
67.440000,288.155000,423.555000
67.970000,290.615000,423.610000
67.550000,288.470000,423.555000
-108.655000,-416.415000,414.095000
-109.095000,-417.615000,414.100000
-110.175000,-421.640000,414.025000
-109.200000,-418.075000,414.080000
69.995000,299.580000,423.815000
69.825000,298.385000,423.775000
68.595000,292.835000,423.665000
68.665000,293.470000,423.680000
68.305000,291.935000,423.660000
69.850000,298.710000,423.780000
-110.115000,-422.900000,414.030000
-110.375000,-424.160000,414.015000
-111.490000,-427.610000,413.960000
71.075000,305.460000,423.940000
71.000000,305.145000,423.935000
70.745000,302.705000,423.895000
70.160000,300.265000,423.805000
71.045000,304.840000,423.950000
70.675000,302.345000,423.885000
-110.740000,-425.605000,414.005000
-111.905000,-431.070000,413.940000
-112.365000,-432.250000,413.950000
73.320000,315.090000,424.185000
70.995000,305.335000,423.935000
72.620000,311.415000,424.100000
-113.350000,-435.720000,413.915000
-113.940000,-437.435000,413.920000
-113.800000,-437.155000,413.905000
74.825000,322.600000,424.355000
73.495000,316.980000,424.220000
73.395000,316.020000,424.200000
73.370000,316.250000,424.210000
-114.690000,-439.720000,413.820000
-115.775000,-443.565000,413.785000
-115.690000,-443.280000,413.790000
76.460000,329.520000,424.500000
75.275000,325.055000,424.385000
75.125000,324.275000,424.355000
75.070000,323.715000,424.380000
75.040000,323.475000,424.375000
75.105000,324.150000,424.380000
73.585000,318.165000,424.230000
75.045000,323.565000,424.375000
-116.175000,-444.785000,413.770000
-116.755000,-446.945000,413.775000
-117.120000,-448.150000,413.750000
-116.940000,-447.435000,413.805000
77.765000,335.725000,424.665000
77.575000,334.475000,424.635000
76.645000,330.830000,424.530000
76.345000,329.190000,424.495000
76.660000,330.875000,424.540000
75.235000,324.930000,424.390000
76.605000,330.485000,424.520000
-117.455000,-448.945000,413.715000
-118.365000,-453.200000,413.635000
-118.385000,-453.370000,413.635000
-118.925000,-455.905000,413.675000
79.350000,342.940000,424.855000
78.815000,341.300000,424.810000
78.645000,340.500000,424.805000
78.515000,339.970000,424.785000
77.615000,334.755000,424.645000
78.690000,340.630000,424.785000
78.365000,339.035000,424.790000
-119.260000,-456.810000,413.645000
-119.335000,-457.040000,413.645000
-120.270000,-460.495000,413.595000
-120.555000,-461.220000,413.580000
-120.905000,-462.010000,413.560000
80.890000,350.845000,425.040000
79.590000,343.530000,424.865000
78.605000,340.340000,424.805000
80.515000,349.895000,425.020000
79.275000,342.740000,424.850000
-120.690000,-461.580000,413.580000
-122.045000,-465.705000,413.510000
-122.695000,-469.370000,413.500000
-122.865000,-469.865000,413.480000
82.455000,357.060000,425.190000
81.855000,354.175000,425.120000
81.135000,352.090000,425.055000
-122.810000,-469.730000,413.495000
-123.595000,-473.120000,413.425000
-122.990000,-470.635000,413.480000
-124.030000,-474.515000,413.410000
-123.905000,-474.180000,413.415000
83.900000,365.470000,425.430000
82.920000,359.425000,425.255000
82.415000,356.785000,425.195000
83.785000,364.680000,425.415000
82.670000,358.760000,425.215000
-124.125000,-474.955000,413.410000
-124.970000,-478.720000,413.360000
-126.010000,-481.605000,413.320000
-126.230000,-482.500000,413.340000
-126.215000,-481.955000,413.280000
84.625000,368.205000,425.490000
84.495000,366.925000,425.450000
84.085000,366.095000,425.440000
84.600000,367.565000,425.460000
-126.370000,-483.155000,413.305000
-126.405000,-483.305000,413.300000
-127.255000,-485.895000,413.250000
-127.685000,-488.165000,413.255000
-127.495000,-486.845000,413.240000
85.385000,375.860000,425.650000
-127.740000,-488.625000,413.255000
-128.015000,-489.725000,413.225000
-128.325000,-491.015000,413.215000
-128.785000,-493.185000,413.230000
-128.850000,-493.810000,413.195000
87.240000,380.820000,425.830000
87.120000,380.485000,425.840000
-129.295000,-495.090000,413.185000
-130.840000,-499.975000,413.110000
-130.905000,-500.095000,413.070000
-131.265000,-501.565000,413.080000
88.380000,386.310000,425.985000
87.500000,382.070000,425.860000
87.185000,380.700000,425.825000
87.295000,383.085000,425.865000
86.720000,377.890000,425.765000
-131.885000,-503.900000,413.060000
-132.090000,-504.910000,413.070000
-132.325000,-505.855000,413.045000
89.970000,394.195000,426.180000
89.340000,391.510000,426.120000
88.915000,389.325000,426.050000
87.440000,381.505000,425.860000
89.100000,389.825000,426.075000
88.880000,389.240000,426.055000
-132.535000,-506.250000,413.040000
-133.870000,-511.345000,412.985000
-133.765000,-510.915000,412.980000
-134.275000,-512.960000,412.990000
-133.940000,-511.770000,412.980000
91.640000,402.645000,426.425000
90.420000,396.960000,426.235000
89.420000,392.025000,426.145000
91.020000,398.530000,426.310000
90.275000,395.870000,426.225000
-134.380000,-513.505000,412.980000
-134.750000,-515.235000,412.990000
-135.780000,-518.685000,412.895000
-134.855000,-515.460000,412.965000
-136.585000,-521.265000,412.855000
92.490000,406.815000,426.545000
91.880000,404.345000,426.490000
91.785000,403.605000,426.475000
91.780000,403.835000,426.500000
91.950000,404.770000,426.475000
-136.705000,-522.250000,412.865000
-136.785000,-523.380000,412.850000
-137.445000,-526.025000,412.815000
93.640000,412.505000,426.695000
93.090000,410.485000,426.635000
93.075000,409.655000,426.620000
93.250000,411.555000,426.635000
-137.555000,-526.160000,412.810000
-137.905000,-527.020000,412.835000
-138.295000,-529.250000,412.770000
-139.760000,-534.355000,412.710000
94.980000,420.310000,426.880000
94.905000,418.945000,426.860000
93.985000,413.630000,426.725000
94.975000,419.470000,426.885000
-138.370000,-529.480000,412.760000
-140.415000,-535.900000,412.655000
-139.885000,-534.785000,412.690000
-140.440000,-536.870000,412.650000
-140.775000,-537.865000,412.630000
96.400000,427.115000,427.110000
95.870000,423.825000,427.020000
-140.880000,-538.220000,412.625000
-141.930000,-542.955000,412.585000
-142.580000,-544.000000,412.565000
98.050000,434.630000,427.335000
97.230000,430.445000,427.210000
96.650000,427.890000,427.160000
96.775000,428.595000,427.155000
-142.670000,-545.810000,412.550000
-142.865000,-546.855000,412.560000
-143.095000,-547.580000,412.550000
-142.935000,-547.145000,412.555000
-144.265000,-551.875000,412.490000
99.475000,442.050000,427.535000
98.370000,435.675000,427.390000
98.740000,437.665000,427.445000
97.250000,430.870000,427.225000
-143.125000,-547.920000,412.545000
-144.705000,-552.945000,412.490000
-144.445000,-552.270000,412.500000
-144.955000,-553.755000,412.485000
-145.270000,-554.600000,412.470000
101.100000,449.335000,427.790000
99.975000,443.200000,427.620000
-146.090000,-557.795000,412.410000
-146.360000,-558.960000,412.400000
-146.465000,-559.455000,412.405000
-147.490000,-563.040000,412.350000
102.220000,456.990000,428.050000
102.065000,455.205000,427.990000
101.450000,450.095000,427.815000
101.565000,450.580000,427.835000
-147.680000,-563.455000,412.355000
-147.805000,-564.510000,412.345000
-148.165000,-565.885000,412.315000
-148.290000,-566.445000,412.355000
-149.180000,-569.765000,412.270000
103.830000,463.345000,428.255000
103.415000,461.655000,428.185000
102.920000,460.045000,428.160000
102.480000,458.470000,428.100000
102.110000,456.530000,428.025000
102.235000,457.870000,428.030000
100.070000,444.545000,427.675000
-149.145000,-569.680000,412.280000
-149.420000,-570.890000,412.260000
-149.575000,-571.940000,412.260000
-149.565000,-571.735000,412.255000
-150.680000,-575.535000,412.215000
-151.145000,-576.250000,412.220000
105.345000,471.840000,428.510000
104.485000,467.490000,428.355000
103.815000,463.210000,428.240000
102.790000,459.200000,428.130000
104.570000,468.380000,428.375000
103.365000,461.410000,428.175000
103.955000,463.885000,428.260000
-151.220000,-576.530000,412.185000
-151.245000,-577.015000,412.215000
-151.240000,-576.610000,412.215000
-152.050000,-581.250000,412.145000
-152.460000,-582.715000,412.135000
-152.260000,-581.990000,412.140000
106.405000,478.260000,428.695000
106.105000,476.335000,428.650000
105.860000,473.135000,428.565000
106.145000,475.830000,428.650000
106.085000,476.550000,428.640000
-153.325000,-585.140000,412.115000
-153.430000,-585.630000,412.125000
-153.560000,-586.325000,412.105000
-154.080000,-588.495000,412.080000
-153.590000,-586.690000,412.095000
-154.415000,-589.560000,412.080000
108.170000,487.105000,429.000000
107.460000,482.890000,428.870000
107.645000,483.830000,428.900000
106.965000,480.880000,428.805000
-154.585000,-590.105000,412.070000
-154.945000,-591.140000,412.070000
-155.850000,-594.380000,412.115000
-156.340000,-596.420000,412.025000
109.605000,494.200000,429.235000
109.475000,493.610000,429.210000
108.930000,490.555000,429.115000
108.225000,487.675000,429.025000
108.500000,488.720000,429.050000
108.155000,487.350000,429.000000
-156.670000,-597.655000,412.005000
-157.365000,-599.350000,411.980000
-157.355000,-599.605000,411.990000
-157.355000,-601.110000,412.000000
110.760000,500.850000,429.465000
110.200000,497.495000,429.380000
109.870000,495.820000,429.295000
109.500000,493.755000,429.220000
110.765000,500.745000,429.470000
109.740000,495.400000,429.280000
109.960000,496.215000,429.330000
109.025000,490.945000,429.140000
-157.875000,-603.530000,411.955000
-158.030000,-604.650000,411.945000
-158.200000,-605.155000,411.940000
-158.135000,-604.995000,411.945000
-158.675000,-606.770000,411.930000
-160.190000,-612.025000,411.870000
111.785000,505.845000,429.665000
111.185000,503.260000,429.560000
110.970000,502.185000,429.510000
111.600000,505.140000,429.630000
110.970000,502.715000,429.540000
-158.760000,-606.910000,411.925000
-160.500000,-612.835000,411.870000
-160.585000,-613.365000,411.855000
-160.640000,-613.555000,411.865000
-161.130000,-614.915000,411.825000
-161.320000,-615.840000,411.820000
112.870000,511.860000,429.825000
112.285000,508.985000,429.735000
112.520000,510.495000,429.765000
112.270000,508.750000,429.745000
-162.425000,-619.505000,411.760000
-162.545000,-620.035000,411.755000
-162.470000,-619.675000,411.755000
-162.670000,-620.420000,411.755000
-162.990000,-621.270000,411.735000
-163.700000,-623.390000,411.700000
114.120000,519.710000,430.115000
114.095000,519.225000,430.100000
114.030000,517.130000,430.040000
114.070000,517.515000,430.055000
-164.010000,-624.775000,411.720000
-164.170000,-625.475000,411.730000
-164.065000,-627.045000,411.735000
115.390000,525.525000,430.345000
115.240000,524.650000,430.300000
114.505000,521.295000,430.190000
114.115000,519.490000,430.115000
115.370000,525.270000,430.315000
114.495000,521.105000,430.180000
114.940000,523.475000,430.260000
-165.275000,-632.700000,411.660000
-166.640000,-634.900000,411.635000
116.560000,533.025000,430.585000
116.340000,532.030000,430.515000
116.015000,529.705000,430.470000
115.585000,527.165000,430.395000
116.410000,532.220000,430.560000
115.690000,528.055000,430.410000
116.095000,530.185000,430.495000
-166.880000,-636.005000,411.670000
-167.305000,-638.485000,411.625000
-167.245000,-638.105000,411.625000
-168.145000,-641.500000,411.585000
117.775000,538.570000,430.770000
117.055000,534.175000,430.645000
117.720000,538.150000,430.755000
-167.335000,-638.625000,411.615000
-168.580000,-642.485000,411.550000
-168.350000,-641.990000,411.570000
-168.835000,-644.415000,411.555000
-168.775000,-644.195000,411.565000
-169.295000,-646.250000,411.555000
119.205000,546.850000,431.050000
119.160000,545.360000,431.030000
118.410000,541.190000,430.840000
119.255000,546.610000,431.080000
-170.000000,-648.810000,411.525000
-170.230000,-649.715000,411.500000
-170.510000,-650.765000,411.500000
-170.320000,-650.165000,411.490000
-171.155000,-653.135000,411.470000
-171.290000,-653.930000,411.465000
120.375000,552.770000,431.280000
120.125000,551.730000,431.245000
119.725000,548.065000,431.110000
120.315000,552.470000,431.290000
-171.275000,-653.700000,411.465000
-172.245000,-658.330000,411.415000
-172.450000,-659.480000,411.415000
-172.950000,-661.005000,411.395000
121.730000,559.860000,431.505000
121.545000,559.285000,431.490000
121.390000,558.110000,431.440000
120.725000,554.380000,431.345000
121.605000,559.570000,431.495000
-173.835000,-664.170000,411.360000
-173.870000,-664.265000,411.345000
-174.240000,-665.450000,411.345000
-174.200000,-665.255000,411.350000
123.045000,567.100000,431.815000
121.500000,558.980000,431.465000
122.715000,566.030000,431.750000
-176.090000,-670.900000,411.300000
-176.170000,-672.360000,411.275000
123.925000,571.760000,431.970000
123.175000,568.975000,431.835000
123.445000,570.700000,431.920000
-176.520000,-673.920000,411.280000
-176.890000,-675.740000,411.255000
-176.765000,-675.315000,411.255000
124.715000,576.920000,432.160000
124.490000,575.940000,432.120000
124.665000,576.520000,432.170000
124.520000,575.205000,432.095000
-177.035000,-676.320000,411.250000
-178.520000,-680.830000,411.155000
-178.800000,-682.440000,411.175000
126.200000,585.340000,432.440000
125.095000,578.930000,432.220000
126.150000,584.390000,432.420000
125.065000,578.235000,432.195000
-179.375000,-683.825000,411.190000
-180.060000,-688.720000,411.095000
-180.305000,-689.720000,411.085000
127.230000,590.390000,432.645000
126.555000,586.935000,432.495000
126.495000,587.445000,432.490000
126.325000,585.755000,432.455000
-180.185000,-689.155000,411.085000
-181.430000,-693.030000,411.080000
-181.280000,-692.655000,411.060000
-181.690000,-693.755000,411.090000
-181.490000,-693.270000,411.085000
128.755000,597.995000,432.910000
127.780000,593.585000,432.745000
-182.685000,-696.045000,411.025000
-182.895000,-698.445000,411.015000
-182.940000,-698.710000,411.020000
-182.930000,-698.610000,411.030000
128.825000,603.870000,433.105000
128.025000,595.625000,432.820000
129.200000,601.865000,433.070000
-184.190000,-703.235000,410.935000
-184.440000,-703.980000,410.875000
130.935000,612.175000,433.410000
130.330000,608.415000,433.255000
130.240000,607.920000,433.245000
-185.230000,-706.840000,410.885000
131.880000,618.665000,433.630000
130.955000,613.205000,433.435000
131.075000,614.130000,433.460000
130.350000,608.455000,433.255000
-186.525000,-712.580000,410.820000
132.265000,622.780000,433.685000
132.290000,621.175000,433.725000
132.015000,620.255000,433.695000
132.335000,621.585000,433.715000
-187.250000,-714.435000,410.835000
-187.450000,-715.670000,410.795000
-187.530000,-716.065000,410.765000
-188.595000,-720.385000,410.720000
134.480000,632.495000,434.115000
133.365000,626.175000,433.890000
-187.380000,-715.115000,410.820000
-188.565000,-720.255000,410.720000
-189.510000,-722.335000,410.715000
-187.505000,-715.935000,410.775000
-189.615000,-725.370000,410.660000
-188.825000,-721.080000,410.725000
-189.915000,-726.260000,410.645000
135.145000,636.310000,434.255000
134.965000,634.900000,434.210000
134.655000,633.620000,434.150000
134.735000,634.100000,434.155000
-189.975000,-726.500000,410.645000
-190.625000,-728.840000,410.630000
-191.180000,-731.780000,410.575000
-190.705000,-729.425000,410.610000
136.995000,644.835000,434.565000
136.540000,643.010000,434.515000
136.135000,642.145000,434.410000
135.735000,639.405000,434.315000
134.555000,633.280000,434.125000
136.380000,642.735000,434.490000
135.125000,635.820000,434.235000
136.055000,641.900000,434.405000
-191.430000,-732.995000,410.580000
-191.605000,-733.425000,410.570000
-191.775000,-733.890000,410.575000
-193.040000,-738.775000,410.515000
-192.330000,-736.665000,410.525000
138.420000,651.880000,434.795000
137.065000,645.680000,434.600000
138.080000,650.175000,434.760000
136.885000,644.140000,434.545000
-193.230000,-739.170000,410.510000
-194.430000,-742.580000,410.470000
-194.895000,-745.350000,410.415000
-194.955000,-745.575000,410.440000
139.445000,659.485000,435.100000
138.805000,657.165000,434.970000
-194.955000,-745.540000,410.445000
-195.250000,-747.100000,410.420000
-196.010000,-750.270000,410.360000
-196.550000,-751.825000,410.320000
-196.750000,-752.830000,410.310000
-196.310000,-751.085000,410.345000
140.515000,665.655000,435.280000
139.575000,660.060000,435.080000
140.060000,662.440000,435.145000
-196.600000,-751.985000,410.310000
-197.390000,-756.560000,410.320000
-197.470000,-756.835000,410.310000
-197.535000,-757.200000,410.310000
-197.610000,-757.525000,410.305000
-198.290000,-759.200000,410.285000
141.340000,670.435000,435.420000
140.845000,669.095000,435.355000
141.160000,669.745000,435.405000
-198.110000,-758.445000,410.295000
-198.240000,-759.405000,410.285000
-199.690000,-766.115000,410.180000
-199.910000,-766.805000,410.160000
-200.080000,-767.665000,410.155000
142.130000,675.945000,435.625000
142.035000,675.000000,435.595000
141.435000,671.950000,435.475000
141.875000,674.395000,435.570000
142.115000,675.585000,435.615000
-201.050000,-770.140000,410.110000
-201.495000,-772.010000,410.110000
-201.595000,-772.725000,410.105000
143.865000,683.940000,435.910000
143.760000,683.150000,435.860000
143.650000,682.145000,435.825000
142.720000,677.275000,435.680000
143.820000,683.505000,435.890000
143.615000,681.965000,435.830000
143.670000,682.280000,435.835000
-201.680000,-773.040000,410.105000
-202.180000,-776.870000,410.055000
-202.140000,-776.710000,410.050000
-202.390000,-777.590000,410.055000
-203.450000,-781.800000,410.000000
144.935000,691.160000,436.160000
144.640000,689.520000,436.095000
144.395000,688.350000,436.055000
144.825000,690.065000,436.125000
143.900000,685.290000,435.930000
144.515000,689.035000,436.085000
-203.435000,-781.635000,410.005000
-204.125000,-783.765000,409.970000
-204.125000,-783.895000,409.970000
-204.765000,-786.395000,409.940000
-204.750000,-787.450000,409.925000
146.200000,697.530000,436.365000
145.430000,694.230000,436.240000
145.355000,693.280000,436.230000
-204.995000,-788.160000,409.915000
-205.805000,-791.595000,409.850000
-207.125000,-795.420000,409.800000
148.245000,704.970000,436.625000
146.625000,699.865000,436.440000
146.340000,698.410000,436.365000
146.630000,699.890000,436.445000
146.145000,697.200000,436.345000
146.390000,698.535000,436.375000
-207.190000,-795.685000,409.795000
-207.305000,-796.350000,409.810000
-207.700000,-798.940000,409.775000
149.380000,710.530000,436.815000
148.635000,708.405000,436.695000
-208.420000,-801.345000,409.755000
-209.115000,-804.490000,409.720000
-209.785000,-806.885000,409.705000
150.840000,718.280000,437.025000
150.575000,717.835000,437.070000
150.150000,714.315000,436.935000
150.085000,714.655000,436.925000
-210.120000,-807.405000,409.675000
-210.305000,-808.520000,409.670000
-210.135000,-807.685000,409.700000
-210.370000,-809.415000,409.665000
-210.340000,-808.795000,409.670000
-210.820000,-811.145000,409.615000
152.720000,726.420000,437.325000
151.980000,723.140000,437.250000
151.765000,722.705000,437.215000
150.625000,717.965000,437.035000
152.175000,723.845000,437.255000
151.720000,721.430000,437.165000
149.260000,709.805000,436.785000
151.830000,722.850000,437.220000
-210.565000,-810.310000,409.630000
-211.495000,-813.520000,409.600000
-212.775000,-818.505000,409.530000
-212.840000,-818.655000,409.515000
-213.035000,-819.315000,409.525000
153.330000,737.905000,437.700000
153.170000,729.820000,437.475000
152.975000,727.855000,437.375000
153.270000,730.340000,437.495000
152.980000,728.160000,437.380000
-212.960000,-819.015000,409.515000
-213.035000,-820.965000,409.530000
-213.725000,-823.805000,409.495000
-213.970000,-825.015000,409.480000
154.005000,741.740000,437.915000
153.570000,739.155000,437.795000
153.685000,740.130000,437.860000
153.505000,738.875000,437.755000
-214.355000,-826.100000,409.505000
-214.730000,-828.850000,409.430000
-215.525000,-831.310000,409.425000
154.755000,745.665000,438.055000
154.405000,744.175000,437.980000
154.315000,742.390000,437.950000
-215.650000,-831.865000,409.420000
-215.705000,-833.645000,409.360000
-215.590000,-832.330000,409.385000
-216.020000,-835.765000,409.330000
-217.245000,-840.295000,409.290000
156.755000,752.080000,438.300000
155.020000,746.990000,438.125000
154.835000,746.165000,438.075000
154.420000,744.085000,437.990000
154.960000,746.765000,438.105000
154.560000,744.915000,438.025000
-216.290000,-836.540000,409.325000
-217.885000,-842.305000,409.285000
-217.865000,-841.760000,409.310000
-218.035000,-843.410000,409.260000
-218.005000,-842.985000,409.265000
-218.255000,-844.860000,409.270000
-218.045000,-843.670000,409.260000
158.670000,761.845000,438.635000
157.610000,756.225000,438.450000
156.665000,751.765000,438.290000
157.565000,756.025000,438.420000
-218.560000,-845.890000,409.230000
-218.840000,-846.730000,409.220000
-218.760000,-846.250000,409.225000
-219.435000,-850.290000,409.195000
159.555000,768.260000,438.855000
159.050000,766.220000,438.805000
158.690000,762.145000,438.645000
159.060000,765.970000,438.775000
158.615000,761.420000,438.630000
-220.015000,-852.890000,409.165000
-220.360000,-853.670000,409.145000
-220.360000,-853.825000,409.150000
-221.050000,-857.670000,409.105000
161.535000,775.875000,439.125000
160.680000,772.540000,439.015000
159.485000,769.695000,438.895000
159.125000,766.555000,438.790000
159.500000,769.055000,438.875000
-221.160000,-858.170000,409.095000
-221.240000,-858.780000,409.085000
-221.200000,-858.565000,409.085000
-221.480000,-859.740000,409.075000
-221.295000,-859.045000,409.090000
-221.705000,-860.740000,409.090000
-221.935000,-862.120000,409.060000
162.950000,784.120000,439.430000
162.225000,780.560000,439.320000
161.925000,779.830000,439.290000
160.755000,772.745000,439.030000
162.135000,780.330000,439.305000
160.050000,770.580000,438.950000
161.905000,779.520000,439.280000
-221.870000,-861.635000,409.085000
-222.525000,-865.805000,409.000000
-223.300000,-867.775000,408.985000
-223.890000,-871.225000,408.960000
163.150000,787.360000,439.525000
163.090000,786.755000,439.495000
162.960000,784.810000,439.450000
162.880000,785.485000,439.455000
162.900000,783.785000,439.410000
-224.740000,-873.300000,408.950000
-225.665000,-877.335000,408.875000
165.320000,795.280000,439.770000
165.105000,793.885000,439.725000
164.725000,791.620000,439.655000
165.145000,794.510000,439.740000
163.105000,787.000000,439.500000
164.770000,792.020000,439.670000
-225.515000,-877.755000,408.870000
-225.570000,-880.715000,408.850000
-225.545000,-880.415000,408.845000
166.575000,805.060000,440.160000
166.565000,803.895000,440.130000
166.050000,800.420000,439.955000
166.205000,801.175000,439.980000
166.605000,804.265000,440.135000
-226.540000,-884.935000,408.795000
-227.010000,-885.820000,408.820000
-226.855000,-886.155000,408.790000
168.030000,812.670000,440.445000
166.835000,806.525000,440.200000
167.695000,811.040000,440.350000
166.695000,805.880000,440.185000
-227.520000,-890.370000,408.730000
-227.555000,-890.600000,408.730000
167.550000,815.690000,440.530000
167.985000,813.560000,440.425000
167.555000,815.395000,440.415000
-228.735000,-895.905000,408.660000
-229.150000,-897.580000,408.645000
-228.835000,-896.700000,408.650000
170.055000,825.560000,440.875000
169.910000,824.545000,440.820000
169.980000,825.005000,440.845000
-230.280000,-901.950000,408.615000
-231.255000,-905.600000,408.565000
171.280000,831.170000,441.080000
170.855000,829.780000,441.035000
170.795000,829.665000,441.030000
170.500000,828.475000,440.970000
170.815000,829.715000,441.025000
169.640000,821.900000,440.740000
170.550000,828.630000,440.975000
-231.055000,-906.445000,408.565000
-231.915000,-909.805000,408.535000
171.825000,842.585000,441.455000
171.450000,832.315000,441.115000
171.220000,830.920000,441.070000
172.230000,835.545000,441.215000
171.355000,831.770000,441.105000
-232.240000,-911.705000,408.520000
-232.410000,-911.985000,408.510000
-232.665000,-915.260000,408.445000
173.550000,847.590000,441.640000
173.320000,846.190000,441.580000
-232.580000,-914.505000,408.455000
-234.200000,-922.270000,408.390000
-233.420000,-918.735000,408.460000
-234.220000,-922.355000,408.400000
-234.520000,-924.110000,408.365000
173.900000,856.725000,441.955000
173.885000,853.670000,441.855000
173.400000,846.455000,441.595000
173.795000,848.750000,441.695000
-234.375000,-923.230000,408.375000
-235.215000,-926.535000,408.365000
-235.310000,-927.250000,408.350000
-236.320000,-928.745000,408.340000
174.730000,860.555000,442.085000
174.060000,858.630000,442.040000
173.915000,856.480000,441.950000
174.015000,857.295000,441.985000
-236.035000,-933.795000,408.255000
-237.290000,-937.760000,408.225000
175.375000,863.710000,442.190000
174.805000,861.290000,442.130000
174.710000,860.020000,442.090000
174.835000,861.585000,442.135000
174.800000,861.070000,442.125000
-237.430000,-939.530000,408.200000
-237.605000,-940.070000,408.205000
177.865000,872.295000,442.515000
177.675000,871.510000,442.480000
-238.225000,-941.475000,408.195000
-238.250000,-942.260000,408.185000
179.075000,878.810000,442.750000
177.495000,874.475000,442.400000
-239.580000,-949.260000,408.110000
-239.585000,-949.380000,408.105000
181.555000,887.685000,443.065000
179.335000,880.460000,442.770000
179.250000,879.495000,442.760000
179.305000,880.025000,442.765000
-239.905000,-952.005000,408.065000
-240.640000,-956.110000,408.035000
-240.905000,-956.730000,408.045000
-240.520000,-955.685000,408.045000
183.135000,893.970000,443.245000
182.965000,893.005000,443.190000
182.205000,889.810000,443.140000
179.825000,882.200000,442.865000
181.980000,888.960000,443.105000
-240.710000,-956.325000,408.040000
-241.305000,-957.820000,408.070000
-241.750000,-960.465000,408.035000
-241.245000,-957.520000,408.055000
-241.995000,-961.460000,408.025000
-241.540000,-959.230000,408.020000
184.460000,901.235000,443.480000
183.315000,895.265000,443.300000
182.270000,890.385000,443.160000
183.290000,895.495000,443.280000
183.020000,893.370000,443.215000
-242.590000,-965.030000,407.980000
-242.870000,-965.750000,407.975000
-243.360000,-968.605000,407.930000
-242.950000,-966.710000,407.960000
185.035000,910.180000,443.795000
184.945000,904.995000,443.570000
184.605000,901.805000,443.505000
-243.395000,-969.230000,407.930000
-243.500000,-969.990000,407.925000
-244.260000,-972.470000,407.910000
186.875000,915.455000,444.005000
184.935000,909.155000,443.725000
186.265000,911.915000,443.890000
-244.305000,-973.405000,407.900000
-244.370000,-974.495000,407.875000
-244.550000,-976.265000,407.850000
-245.560000,-980.550000,407.820000
188.340000,922.730000,444.220000
187.505000,918.720000,444.110000
187.155000,916.460000,444.040000
-245.290000,-979.780000,407.835000
-245.555000,-981.100000,407.800000
-245.925000,-983.065000,407.800000
-245.985000,-983.965000,407.800000
-245.970000,-983.875000,407.795000
-246.135000,-986.040000,407.755000
189.900000,931.260000,444.515000
189.330000,929.640000,444.445000
188.545000,923.145000,444.255000
188.985000,925.205000,444.315000
188.290000,922.180000,444.205000
-246.020000,-985.490000,407.760000
-247.085000,-990.490000,407.710000
-247.290000,-991.375000,407.700000
-247.440000,-993.510000,407.680000
190.740000,937.000000,444.735000
190.135000,934.220000,444.600000
189.360000,929.880000,444.440000
190.120000,932.485000,444.570000
-247.485000,-993.775000,407.680000
-247.560000,-994.555000,407.665000
-247.990000,-995.835000,407.655000
-248.280000,-998.100000,407.640000
-249.070000,-1001.945000,407.605000
192.100000,944.740000,445.000000
191.175000,939.205000,444.800000
190.970000,938.545000,444.785000
191.910000,943.505000,444.950000
190.540000,935.950000,444.670000
-248.965000,-1001.465000,407.610000
-249.670000,-1003.100000,407.510000
-249.955000,-1005.915000,407.520000
-249.875000,-1006.315000,407.570000
192.995000,948.535000,445.165000
192.305000,947.045000,445.065000
191.120000,939.030000,444.800000
192.895000,948.145000,445.150000
-249.985000,-1007.710000,407.535000
-250.645000,-1011.890000,407.450000
-251.410000,-1014.540000,407.450000
194.910000,958.300000,445.530000
193.965000,953.780000,445.325000
193.880000,953.365000,445.360000
193.955000,953.740000,445.345000
194.720000,957.480000,445.500000
-251.425000,-1014.705000,407.430000
-251.655000,-1016.355000,407.415000
-251.425000,-1014.895000,407.435000
-251.890000,-1018.395000,407.445000
-251.765000,-1017.550000,407.435000
-252.050000,-1019.340000,407.435000
195.575000,964.030000,445.715000
195.250000,961.295000,445.640000
194.975000,959.565000,445.560000
195.090000,960.830000,445.625000
192.950000,949.835000,445.205000
195.390000,961.935000,445.660000
-251.940000,-1018.710000,407.440000
-252.075000,-1019.485000,407.430000
-253.000000,-1025.620000,407.370000
-253.415000,-1027.465000,407.315000
196.565000,971.255000,446.020000
196.635000,969.380000,445.950000
196.555000,970.800000,445.985000
-253.395000,-1027.760000,407.345000
-253.385000,-1029.165000,407.325000
-253.620000,-1031.065000,407.325000
197.730000,976.045000,446.230000
197.350000,973.825000,446.165000
197.275000,972.955000,446.115000
197.285000,974.490000,446.195000
-254.405000,-1035.250000,407.270000
-254.730000,-1036.175000,407.225000
-254.730000,-1036.435000,407.255000
199.565000,989.535000,446.720000
199.285000,981.540000,446.415000
198.025000,977.235000,446.270000
199.395000,982.205000,446.445000
197.825000,976.415000,446.265000
198.040000,977.415000,446.290000
-255.040000,-1039.205000,407.255000
-255.350000,-1040.950000,407.205000
-256.235000,-1045.920000,407.190000
200.330000,992.840000,446.860000
199.860000,991.590000,446.770000
199.550000,990.325000,446.755000
199.600000,990.495000,446.730000
-256.300000,-1046.410000,407.170000
-256.300000,-1046.810000,407.175000
-256.465000,-1048.000000,407.155000
-256.940000,-1050.665000,407.130000
200.970000,997.580000,447.040000
200.435000,993.590000,446.915000
200.435000,994.115000,446.915000
200.300000,992.695000,446.875000
-256.945000,-1050.205000,407.140000
-257.565000,-1054.090000,407.115000
-257.015000,-1051.140000,407.150000
-257.525000,-1054.385000,407.115000
-257.700000,-1055.565000,407.100000
-257.770000,-1056.260000,407.090000
202.330000,1004.155000,447.315000
201.645000,999.910000,447.120000
201.590000,999.780000,447.130000
-257.760000,-1055.915000,407.100000
-258.215000,-1059.560000,407.050000
-258.215000,-1060.265000,407.040000
-258.255000,-1061.250000,407.040000
-258.630000,-1063.285000,407.030000
204.355000,1010.825000,447.545000
202.800000,1006.895000,447.415000
202.610000,1005.915000,447.350000
201.940000,1002.145000,447.210000
-258.885000,-1064.345000,407.020000
-259.210000,-1066.455000,406.990000
-259.660000,-1068.105000,406.975000
-259.605000,-1067.960000,406.980000
-259.745000,-1068.885000,406.970000
-259.725000,-1068.365000,406.960000
206.560000,1020.635000,447.835000
205.625000,1014.820000,447.685000
204.585000,1011.775000,447.585000
204.535000,1011.470000,447.570000
202.870000,1007.135000,447.405000
205.670000,1015.070000,447.690000
204.570000,1011.660000,447.570000
202.760000,1006.625000,447.380000
205.525000,1014.485000,447.670000
-259.900000,-1070.265000,406.955000
-260.200000,-1071.405000,406.945000
-260.060000,-1071.015000,406.960000
-260.240000,-1071.850000,406.935000
-260.240000,-1072.605000,406.950000
-260.315000,-1073.225000,406.930000
-260.270000,-1072.820000,406.945000
207.485000,1025.730000,448.025000
207.100000,1023.595000,447.945000
206.790000,1022.110000,447.915000
204.465000,1011.185000,447.565000
207.090000,1023.370000,447.935000
206.745000,1021.720000,447.890000
-261.500000,-1080.180000,406.870000
-261.645000,-1080.720000,406.870000
-262.200000,-1083.010000,406.845000
208.585000,1032.290000,448.255000
208.435000,1030.905000,448.230000
207.445000,1025.405000,448.010000
208.505000,1031.515000,448.260000
208.380000,1030.435000,448.215000
-261.950000,-1084.935000,406.825000
-262.150000,-1087.560000,406.800000
210.235000,1038.280000,448.495000
209.135000,1035.130000,448.380000
209.155000,1034.290000,448.345000
209.075000,1034.925000,448.365000
209.090000,1033.500000,448.330000
-262.000000,-1085.440000,406.820000
-263.000000,-1091.665000,406.770000
-262.760000,-1090.395000,406.785000
-263.560000,-1096.285000,406.730000
211.605000,1046.040000,448.740000
210.925000,1042.880000,448.630000
210.145000,1038.065000,448.485000
211.300000,1045.090000,448.700000
210.985000,1041.880000,448.575000
-263.470000,-1095.415000,406.740000
-263.635000,-1096.675000,406.725000
-264.150000,-1100.455000,406.685000
-263.770000,-1097.225000,406.710000
-264.305000,-1101.280000,406.680000
212.810000,1055.645000,449.090000
212.665000,1054.790000,449.055000
212.190000,1050.740000,448.910000
211.680000,1046.570000,448.760000
212.715000,1055.065000,449.065000
-264.425000,-1103.055000,406.675000
-264.620000,-1103.730000,406.655000
-265.445000,-1109.585000,406.570000
214.060000,1062.405000,449.315000
213.470000,1057.865000,449.175000
213.210000,1056.990000,449.130000
213.890000,1061.660000,449.290000
212.450000,1051.665000,448.955000
213.435000,1057.665000,449.165000
-265.500000,-1110.355000,406.590000
-265.445000,-1111.325000,406.600000
-265.455000,-1111.160000,406.600000
-265.465000,-1111.755000,406.595000
215.090000,1069.195000,449.500000
213.760000,1064.200000,449.360000
213.935000,1063.415000,449.325000
214.260000,1065.340000,449.370000
-266.355000,-1116.440000,406.575000
-266.530000,-1117.210000,406.545000
-266.420000,-1116.780000,406.560000
-266.950000,-1119.555000,406.535000
-266.615000,-1117.490000,406.510000
216.615000,1078.440000,449.765000
215.720000,1071.145000,449.555000
215.210000,1070.165000,449.525000
215.335000,1070.460000,449.525000
215.100000,1069.635000,449.505000
-267.050000,-1120.530000,406.505000
-267.085000,-1121.695000,406.510000
-267.725000,-1125.630000,406.470000
217.370000,1082.870000,449.875000
217.260000,1080.920000,449.830000
217.145000,1080.405000,449.800000
217.225000,1080.725000,449.815000
216.545000,1078.195000,449.735000
-268.045000,-1127.820000,406.440000
-268.575000,-1131.925000,406.440000
219.700000,1090.275000,450.130000
217.885000,1084.835000,449.950000
217.425000,1081.880000,449.875000
217.470000,1083.330000,449.915000
-268.620000,-1135.170000,406.415000
-268.585000,-1135.710000,406.440000
-268.630000,-1135.420000,406.400000
221.495000,1097.925000,450.330000
220.415000,1093.420000,450.205000
219.680000,1090.495000,450.115000
220.305000,1092.920000,450.175000
218.525000,1086.810000,449.995000
-268.575000,-1136.470000,406.395000
-269.515000,-1140.475000,406.370000
-269.580000,-1141.730000,406.390000
222.765000,1105.635000,450.570000
222.010000,1104.140000,450.485000
222.070000,1102.930000,450.510000
222.060000,1103.825000,450.490000
221.475000,1097.220000,450.305000
-269.795000,-1144.695000,406.305000
-270.210000,-1148.525000,406.305000
-269.785000,-1144.980000,406.325000
-270.485000,-1149.625000,406.305000
-270.515000,-1150.880000,406.265000
223.630000,1111.175000,450.745000
223.060000,1107.930000,450.645000
222.915000,1106.300000,450.595000
223.110000,1108.240000,450.645000
222.585000,1105.070000,450.560000
223.105000,1107.385000,450.620000
-270.440000,-1149.475000,406.305000
-270.505000,-1151.170000,406.270000
-270.465000,-1149.715000,406.290000
-270.585000,-1152.855000,406.255000
-270.465000,-1152.100000,406.265000
-271.190000,-1156.235000,406.225000
-271.185000,-1156.445000,406.225000
224.360000,1114.330000,450.835000
224.005000,1112.670000,450.790000
223.925000,1112.230000,450.770000
-271.270000,-1157.200000,406.225000
-271.655000,-1159.595000,406.215000
-271.770000,-1162.520000,406.180000
227.250000,1124.410000,451.120000
227.200000,1123.790000,451.095000
226.745000,1122.540000,451.070000
226.865000,1122.790000,451.065000
224.250000,1113.945000,450.835000
-272.070000,-1164.420000,406.170000
-272.265000,-1165.900000,406.155000
-272.330000,-1166.250000,406.125000
228.865000,1132.000000,451.315000
227.610000,1126.570000,451.165000
227.460000,1125.510000,451.140000
227.755000,1127.115000,451.185000
227.225000,1123.930000,451.110000
227.515000,1126.030000,451.165000
-272.670000,-1170.250000,406.120000
-272.910000,-1172.555000,406.165000
-272.925000,-1173.865000,406.095000
-272.920000,-1173.570000,406.090000
230.295000,1140.230000,451.515000
229.450000,1135.265000,451.415000
229.415000,1134.330000,451.395000
229.430000,1134.515000,451.405000
228.860000,1132.075000,451.305000
229.675000,1136.375000,451.415000
-273.330000,-1176.665000,406.090000
-273.435000,-1177.645000,406.070000
-273.685000,-1178.725000,406.045000
231.015000,1143.635000,451.600000
230.720000,1141.820000,451.560000
230.555000,1140.930000,451.525000
230.650000,1141.465000,451.545000
-273.975000,-1181.675000,406.020000
-274.010000,-1182.400000,406.015000
-274.625000,-1187.055000,405.980000
233.230000,1151.950000,451.805000
232.245000,1148.880000,451.745000
231.045000,1143.020000,451.595000
-274.840000,-1190.580000,405.945000
-274.695000,-1192.400000,405.950000
235.095000,1159.215000,451.960000
233.370000,1153.725000,451.840000
233.305000,1152.310000,451.815000
233.320000,1152.990000,451.840000
232.685000,1150.170000,451.790000
-274.685000,-1192.715000,405.950000
-275.330000,-1197.800000,405.900000
-274.795000,-1193.550000,405.945000
-275.520000,-1199.585000,405.870000
236.955000,1167.575000,452.170000
235.675000,1162.995000,452.070000
235.700000,1162.375000,452.065000
235.625000,1162.765000,452.065000
234.965000,1158.895000,451.955000
-275.415000,-1198.580000,405.900000
-275.560000,-1199.945000,405.860000
-276.025000,-1201.105000,405.880000
-276.340000,-1203.000000,405.870000
238.110000,1173.155000,452.310000
236.890000,1169.495000,452.195000
236.695000,1166.720000,452.145000
236.865000,1169.325000,452.185000
-276.280000,-1208.230000,405.825000
-276.655000,-1211.085000,405.790000
239.960000,1180.845000,452.440000
239.505000,1178.955000,452.395000
237.750000,1172.105000,452.285000
238.310000,1173.925000,452.340000
-276.700000,-1211.650000,405.790000
-277.225000,-1213.925000,405.795000
-277.180000,-1213.650000,405.790000
241.475000,1189.870000,452.690000
241.265000,1188.530000,452.640000
239.565000,1179.165000,452.395000
240.620000,1184.875000,452.565000
-277.380000,-1215.635000,405.780000
-278.090000,-1217.870000,405.730000
242.490000,1194.695000,452.775000
242.200000,1193.655000,452.750000
241.845000,1191.845000,452.710000
241.460000,1189.310000,452.675000
242.015000,1192.160000,452.725000
241.725000,1191.595000,452.715000
-277.645000,-1221.155000,405.725000
-277.660000,-1222.015000,405.720000
-277.745000,-1223.895000,405.710000
244.525000,1200.490000,452.925000
244.200000,1199.875000,452.910000
244.015000,1199.070000,452.880000
242.540000,1195.240000,452.765000
244.085000,1199.350000,452.880000
242.305000,1193.960000,452.770000
242.650000,1195.410000,452.790000
-277.730000,-1223.345000,405.715000
-278.415000,-1229.965000,405.635000
-278.110000,-1227.705000,405.655000
-278.850000,-1231.200000,405.630000
-278.745000,-1230.950000,405.635000
246.060000,1207.245000,453.035000
245.680000,1205.890000,452.995000
245.490000,1204.620000,453.010000
244.320000,1200.075000,452.915000
245.705000,1206.025000,453.000000
245.500000,1203.930000,452.965000
245.475000,1205.140000,453.000000
-278.955000,-1232.800000,405.605000
-278.890000,-1235.025000,405.595000
248.915000,1217.790000,453.250000
247.415000,1211.605000,453.140000
247.585000,1212.605000,453.145000
-279.180000,-1236.360000,405.595000
-280.160000,-1244.065000,405.525000
250.390000,1224.155000,453.370000
249.775000,1221.060000,453.310000
249.210000,1219.475000,453.280000
249.000000,1218.570000,453.285000
249.295000,1219.645000,453.290000
249.020000,1218.760000,453.275000
-280.170000,-1244.610000,405.515000
-280.185000,-1245.425000,405.515000
-280.775000,-1252.285000,405.470000
252.030000,1230.925000,453.470000
250.595000,1225.815000,453.370000
249.890000,1221.620000,453.320000
251.580000,1229.715000,453.465000
250.325000,1224.620000,453.355000
-280.060000,-1246.355000,405.510000
-280.690000,-1253.395000,405.450000
-280.765000,-1252.680000,405.455000
-280.800000,-1254.160000,405.445000
-280.705000,-1253.630000,405.475000
-280.840000,-1254.790000,405.440000
-281.020000,-1257.220000,405.450000
253.890000,1238.235000,453.600000
253.645000,1237.360000,453.585000
252.845000,1233.565000,453.505000
252.810000,1233.405000,453.505000
252.410000,1232.100000,453.490000
252.470000,1232.265000,453.490000
253.610000,1237.170000,453.590000
252.400000,1231.990000,453.485000
-280.805000,-1254.460000,405.445000
-280.915000,-1256.610000,405.445000
-281.070000,-1257.785000,405.430000
-281.425000,-1261.330000,405.420000
-281.060000,-1257.505000,405.445000
-281.390000,-1261.125000,405.415000
-281.840000,-1262.615000,405.405000
-281.760000,-1262.880000,405.420000
254.505000,1241.940000,453.650000
254.000000,1238.725000,453.620000
253.940000,1238.425000,453.600000
252.830000,1233.510000,453.505000
254.440000,1240.505000,453.650000
253.740000,1237.710000,453.610000
253.970000,1238.555000,453.615000
-281.530000,-1264.240000,405.400000
-281.850000,-1267.355000,405.400000
-281.875000,-1267.560000,405.400000
-281.880000,-1267.905000,405.405000
-281.940000,-1268.480000,405.395000
-281.875000,-1267.760000,405.400000
-281.940000,-1268.645000,405.390000
257.600000,1251.790000,453.820000
256.450000,1248.205000,453.720000
-281.895000,-1268.100000,405.410000
-282.065000,-1272.380000,405.350000
-282.065000,-1272.745000,405.345000
-282.050000,-1272.125000,405.355000
-282.075000,-1272.905000,405.350000
-282.060000,-1272.560000,405.345000
-282.205000,-1275.220000,405.320000
-282.460000,-1276.215000,405.330000
258.740000,1256.440000,453.900000
258.135000,1254.435000,453.850000
257.890000,1253.085000,453.840000
258.095000,1254.065000,453.845000
-282.795000,-1280.055000,405.305000
-283.215000,-1282.005000,405.300000
-283.085000,-1282.725000,405.295000
261.170000,1265.735000,454.015000
260.830000,1264.250000,454.005000
260.750000,1263.835000,453.985000
259.935000,1260.605000,453.930000
260.125000,1261.225000,453.950000
258.460000,1255.125000,453.865000
-283.105000,-1283.750000,405.290000
-283.360000,-1287.670000,405.290000
-283.110000,-1284.195000,405.285000
-283.680000,-1288.525000,405.290000
262.265000,1269.470000,454.045000
262.020000,1268.740000,454.035000
261.910000,1268.170000,454.020000
261.290000,1266.780000,453.995000
260.785000,1264.075000,453.990000
262.085000,1268.960000,454.030000
261.335000,1266.910000,453.990000
261.975000,1268.440000,454.035000
260.875000,1264.440000,454.010000
-283.775000,-1289.490000,405.260000
-283.620000,-1292.110000,405.225000
-283.580000,-1292.935000,405.230000
265.465000,1279.165000,454.115000
265.205000,1277.960000,454.145000
263.600000,1273.115000,454.075000
265.305000,1278.340000,454.120000
264.445000,1275.575000,454.090000
-283.560000,-1295.390000,405.160000
-284.165000,-1299.385000,405.165000
-284.390000,-1300.425000,405.155000
-284.390000,-1300.085000,405.160000
-284.530000,-1301.840000,405.135000
266.925000,1285.845000,454.310000
266.940000,1285.355000,454.305000
265.715000,1280.615000,454.160000
266.505000,1283.985000,454.285000
265.635000,1280.100000,454.160000
266.930000,1285.710000,454.295000
-284.425000,-1301.385000,405.155000
-284.640000,-1302.595000,405.135000
-284.665000,-1302.790000,405.130000
-284.765000,-1306.180000,405.120000
-284.780000,-1306.080000,405.115000
-284.745000,-1306.610000,405.115000
-284.750000,-1307.340000,405.110000
268.070000,1290.095000,454.305000
267.360000,1287.480000,454.295000
-284.725000,-1307.035000,405.110000
-285.135000,-1311.170000,405.080000
-285.315000,-1315.025000,405.065000
-285.265000,-1316.100000,405.050000
270.225000,1298.630000,454.395000
269.950000,1296.880000,454.385000
269.800000,1296.050000,454.375000
269.875000,1296.405000,454.380000
-285.245000,-1316.675000,405.045000
-285.370000,-1318.170000,405.040000
-285.445000,-1318.730000,405.040000
-285.705000,-1320.545000,405.020000
272.590000,1305.000000,454.465000
270.960000,1300.400000,454.445000
269.975000,1297.435000,454.390000
-285.465000,-1319.785000,405.025000
-286.085000,-1325.705000,404.975000
-286.125000,-1326.165000,404.995000
-286.065000,-1327.395000,404.970000
-286.105000,-1327.635000,404.960000
-286.235000,-1329.955000,405.005000
274.745000,1312.385000,454.565000
274.040000,1310.480000,454.475000
272.285000,1304.145000,454.455000
273.640000,1308.455000,454.540000
-286.085000,-1327.515000,404.970000
-286.215000,-1329.695000,404.970000
-286.305000,-1331.945000,404.955000
-286.320000,-1331.455000,404.960000
-286.325000,-1332.340000,404.950000
-286.440000,-1334.825000,404.935000
-286.500000,-1334.515000,404.930000
-286.410000,-1335.030000,404.955000
276.820000,1320.560000,454.650000
275.235000,1315.090000,454.570000
274.700000,1312.040000,454.565000
-286.285000,-1335.975000,404.930000
-286.280000,-1336.255000,404.930000
-286.965000,-1341.845000,404.895000
278.435000,1325.540000,454.695000
277.670000,1323.085000,454.660000
277.275000,1321.445000,454.660000
276.205000,1319.400000,454.600000
-287.065000,-1343.345000,404.860000
-287.055000,-1346.225000,404.875000
-287.060000,-1346.445000,404.880000
280.470000,1332.435000,454.660000
280.345000,1332.090000,454.660000
280.230000,1331.170000,454.755000
279.510000,1329.445000,454.685000
277.665000,1322.645000,454.655000
280.260000,1331.735000,454.710000
278.410000,1325.055000,454.690000
279.685000,1329.680000,454.710000
-287.035000,-1346.860000,404.850000
-286.950000,-1350.980000,404.845000
-287.045000,-1349.940000,404.860000
-287.005000,-1351.405000,404.845000
281.435000,1337.160000,454.760000
280.395000,1332.260000,454.740000
281.550000,1336.870000,454.765000
-287.155000,-1355.105000,404.800000
-287.845000,-1360.200000,404.770000
284.225000,1346.985000,454.855000
283.925000,1345.960000,454.880000
284.010000,1346.280000,454.855000
-288.050000,-1361.420000,404.745000
-287.930000,-1363.920000,404.765000
285.370000,1350.655000,454.870000
284.675000,1348.890000,454.845000
285.055000,1349.450000,454.910000
284.505000,1347.845000,454.880000
-287.865000,-1364.745000,404.775000
-287.830000,-1365.455000,404.740000
-287.860000,-1365.055000,404.745000
-287.880000,-1368.915000,404.725000
287.795000,1358.240000,454.925000
286.805000,1356.975000,454.870000
285.260000,1351.850000,454.850000
-287.895000,-1368.005000,404.735000
-287.925000,-1373.825000,404.700000
-287.905000,-1374.430000,404.705000
-288.145000,-1375.385000,404.700000
289.600000,1363.580000,454.980000
288.970000,1362.105000,454.965000
287.660000,1358.065000,454.915000
288.715000,1361.035000,454.965000
-288.360000,-1379.835000,404.670000
-288.625000,-1380.565000,404.690000
-288.670000,-1380.980000,404.660000
-288.930000,-1384.460000,404.660000
292.910000,1372.420000,455.030000
292.350000,1371.465000,455.005000
289.895000,1365.130000,454.995000
289.615000,1364.560000,455.020000
289.285000,1362.745000,455.000000
289.730000,1364.835000,454.990000
289.640000,1364.300000,455.005000
-288.900000,-1383.715000,404.645000
-288.890000,-1385.045000,404.630000
-288.895000,-1384.755000,404.625000
-288.930000,-1386.795000,404.610000
-288.920000,-1386.505000,404.620000
-288.920000,-1387.190000,404.610000
-288.920000,-1390.155000,404.610000
293.945000,1375.990000,455.035000
293.250000,1373.445000,455.050000
292.605000,1372.000000,455.020000
293.525000,1374.355000,455.040000
290.180000,1366.020000,454.980000
293.195000,1373.170000,455.035000
-288.910000,-1389.860000,404.595000
-288.920000,-1390.405000,404.615000
-288.990000,-1390.985000,404.585000
-289.130000,-1391.640000,404.590000
-289.110000,-1392.565000,404.590000
-289.125000,-1392.300000,404.590000
-289.185000,-1397.780000,404.545000
-289.110000,-1398.300000,404.550000
297.470000,1385.285000,455.040000
296.730000,1382.870000,455.040000
293.950000,1376.315000,455.040000
296.065000,1381.545000,455.020000
-289.150000,-1398.110000,404.550000
-289.330000,-1401.190000,404.515000
-289.325000,-1401.695000,404.530000
-289.340000,-1402.460000,404.515000
-289.330000,-1401.945000,404.545000
-289.365000,-1402.780000,404.525000
-289.330000,-1402.920000,404.510000
298.720000,1391.215000,455.085000
298.345000,1389.595000,455.090000
298.165000,1390.595000,455.065000
297.350000,1384.690000,455.090000
-289.310000,-1406.820000,404.535000
-289.390000,-1407.420000,404.500000
-289.360000,-1407.265000,404.520000
-289.645000,-1408.150000,404.500000
-289.420000,-1408.870000,404.510000
300.780000,1397.165000,455.090000
299.640000,1393.720000,455.050000
299.825000,1394.125000,455.075000
299.535000,1393.390000,455.075000
-289.235000,-1410.565000,404.460000
-289.170000,-1413.360000,404.455000
-289.495000,-1417.245000,404.450000
-289.560000,-1417.490000,404.445000
302.970000,1403.525000,455.100000
300.960000,1397.555000,455.110000
-289.750000,-1420.140000,404.400000
-289.670000,-1420.620000,404.390000
-289.620000,-1421.445000,404.375000
-289.620000,-1420.980000,404.385000
-289.810000,-1423.400000,404.400000
-289.690000,-1422.755000,404.385000
305.305000,1410.915000,455.130000
303.775000,1405.285000,455.115000
302.755000,1402.955000,455.110000
-289.730000,-1425.290000,404.445000
-289.455000,-1428.070000,404.385000
-289.405000,-1428.335000,404.375000
308.260000,1418.630000,455.155000
307.590000,1417.130000,455.150000
305.720000,1411.785000,455.155000
305.050000,1409.300000,455.125000
-289.200000,-1433.445000,404.350000
-289.115000,-1433.860000,404.335000
-289.015000,-1434.440000,404.340000
-289.050000,-1434.200000,404.345000
310.035000,1424.110000,455.150000
308.910000,1421.100000,455.165000
308.500000,1419.770000,455.150000
308.415000,1419.285000,455.165000
306.020000,1412.455000,455.150000
308.880000,1420.905000,455.165000
307.980000,1417.760000,455.160000
308.440000,1419.425000,455.160000
-289.460000,-1439.000000,404.335000
312.140000,1431.915000,455.115000
311.835000,1431.220000,455.145000
311.780000,1430.695000,455.140000
312.110000,1431.865000,455.125000
310.015000,1423.920000,455.125000
311.820000,1431.030000,455.125000
-289.435000,-1442.600000,404.305000
313.525000,1435.670000,455.140000
312.925000,1434.575000,455.125000
312.795000,1434.065000,455.140000
313.475000,1435.505000,455.145000
312.865000,1434.365000,455.140000
-289.910000,-1444.385000,404.310000
-289.280000,-1450.470000,404.270000
316.630000,1442.305000,455.115000
314.730000,1438.345000,455.150000
313.905000,1436.575000,455.140000
315.430000,1439.670000,455.105000
-289.175000,-1450.065000,404.275000
-289.370000,-1451.055000,404.270000
-289.330000,-1450.760000,404.265000
319.080000,1450.110000,455.090000
318.035000,1446.765000,455.130000
317.800000,1446.235000,455.125000
317.855000,1446.445000,455.125000
317.550000,1444.995000,455.125000
-289.880000,-1456.295000,404.245000
-289.845000,-1458.565000,404.280000
-289.830000,-1458.685000,404.290000
321.525000,1456.640000,455.085000
319.030000,1449.875000,455.095000
319.995000,1452.260000,455.105000
-289.950000,-1464.230000,404.210000
-290.035000,-1464.780000,404.195000
-290.010000,-1464.650000,404.190000
-290.290000,-1465.885000,404.195000
-290.415000,-1466.185000,404.195000
-290.230000,-1465.725000,404.195000
324.030000,1463.475000,455.075000
322.440000,1458.430000,455.080000
322.350000,1458.215000,455.090000
-290.355000,-1466.040000,404.195000
-290.760000,-1469.450000,404.195000
-290.700000,-1469.260000,404.190000
-290.750000,-1472.355000,404.150000
-290.770000,-1473.225000,404.130000
325.440000,1467.535000,455.090000
324.990000,1466.105000,455.060000
324.730000,1465.275000,455.060000
324.910000,1465.765000,455.075000
323.340000,1461.980000,455.065000
-290.770000,-1473.585000,404.135000
-290.695000,-1473.960000,404.125000
-290.690000,-1477.505000,404.130000
-290.635000,-1476.800000,404.120000
-290.865000,-1478.255000,404.140000
-290.840000,-1479.135000,404.130000
329.225000,1476.895000,455.005000
327.620000,1472.800000,454.995000
327.980000,1474.305000,454.990000
325.230000,1467.190000,455.055000
-290.865000,-1482.675000,404.135000
-290.910000,-1483.085000,404.120000
-290.980000,-1483.785000,404.140000
-290.905000,-1484.310000,404.095000
-290.975000,-1485.170000,404.085000
331.845000,1485.015000,454.965000
331.230000,1483.600000,454.970000
329.405000,1477.510000,455.010000
329.455000,1477.775000,454.995000
-290.925000,-1487.860000,404.060000
-290.835000,-1488.480000,404.075000
-291.245000,-1493.310000,404.025000
-291.265000,-1494.760000,404.025000
333.180000,1488.960000,454.945000
332.370000,1487.000000,454.935000
331.730000,1484.625000,454.970000
331.980000,1485.875000,454.930000
-291.235000,-1495.750000,404.025000
-290.965000,-1497.245000,404.000000
-290.960000,-1498.020000,404.015000
-291.050000,-1502.595000,403.995000
335.860000,1495.410000,454.845000
335.100000,1493.890000,454.860000
332.955000,1487.965000,454.985000
334.995000,1493.660000,454.835000
-290.985000,-1498.360000,404.025000
-291.270000,-1503.400000,403.985000
-291.040000,-1505.770000,403.950000
-291.065000,-1505.260000,403.960000
-291.065000,-1506.140000,403.965000
338.175000,1501.515000,454.885000
336.340000,1496.600000,454.835000
337.830000,1500.070000,454.880000
335.760000,1495.105000,454.845000
-291.375000,-1508.920000,403.975000
-291.325000,-1509.760000,403.975000
-291.315000,-1514.550000,403.925000
-291.325000,-1514.265000,403.925000
341.390000,1508.865000,454.800000
339.190000,1503.620000,454.855000
338.590000,1502.655000,454.875000
339.090000,1503.380000,454.870000
-291.160000,-1515.025000,403.925000
-291.075000,-1516.280000,403.905000
-291.075000,-1516.085000,403.905000
-290.970000,-1518.220000,403.900000
-291.050000,-1517.275000,403.915000
-291.010000,-1521.745000,403.885000
-291.005000,-1521.660000,403.870000
343.805000,1515.890000,454.735000
342.295000,1511.290000,454.730000
341.510000,1509.600000,454.795000
341.965000,1510.830000,454.750000
341.265000,1508.545000,454.795000
-291.035000,-1522.260000,403.855000
-291.025000,-1522.750000,403.855000
-291.050000,-1524.205000,403.870000
-291.040000,-1523.745000,403.870000
-291.110000,-1525.250000,403.845000
-291.065000,-1527.265000,403.860000
346.810000,1524.220000,454.640000
346.360000,1522.960000,454.700000
343.470000,1515.165000,454.755000
344.290000,1516.855000,454.765000
-291.095000,-1528.335000,403.850000
-291.145000,-1531.225000,403.830000
-291.500000,-1534.690000,403.825000
349.240000,1529.675000,454.635000
348.200000,1527.180000,454.655000
347.450000,1525.720000,454.675000
346.630000,1523.815000,454.640000
347.515000,1525.955000,454.665000
-291.310000,-1536.990000,403.810000
-291.580000,-1537.735000,403.780000
351.845000,1537.805000,454.530000
350.230000,1532.670000,454.595000
348.835000,1528.585000,454.610000
349.685000,1531.250000,454.615000
347.305000,1525.370000,454.670000
353.830000,1543.090000,454.500000
353.170000,1542.015000,454.520000
351.610000,1536.845000,454.565000
352.880000,1540.950000,454.535000
356.525000,1550.660000,454.405000
354.185000,1544.425000,454.480000
355.985000,1549.660000,454.420000
353.585000,1542.645000,454.515000
358.285000,1555.420000,454.345000
357.985000,1554.420000,454.355000
357.050000,1551.565000,454.405000
357.090000,1551.670000,454.385000
358.125000,1555.025000,454.345000
360.150000,1559.895000,454.290000
358.650000,1556.700000,454.315000
358.845000,1557.125000,454.310000
358.490000,1556.355000,454.300000
362.675000,1564.525000,454.200000
360.810000,1561.035000,454.285000
360.660000,1560.680000,454.295000
361.020000,1561.815000,454.260000
366.750000,1576.260000,454.055000
364.370000,1568.625000,454.110000
364.215000,1568.280000,454.115000
366.610000,1575.985000,454.060000
368.445000,1580.515000,454.005000
367.185000,1577.395000,454.065000
368.070000,1579.800000,453.980000
369.470000,1583.325000,453.950000
368.800000,1581.245000,453.975000
369.145000,1581.800000,453.980000
371.610000,1587.170000,453.820000
370.375000,1585.160000,453.910000
370.160000,1584.585000,453.855000
370.030000,1584.325000,453.940000
370.285000,1584.880000,453.925000
370.060000,1584.395000,453.940000
375.800000,1593.895000,453.700000
371.570000,1586.985000,453.825000
375.685000,1593.250000,453.720000
378.805000,1601.030000,453.625000
378.560000,1600.350000,453.630000
378.565000,1600.485000,453.625000
381.395000,1607.040000,453.550000
380.685000,1605.725000,453.550000
378.260000,1599.310000,453.655000
380.890000,1606.515000,453.560000
379.785000,1603.330000,453.590000
384.545000,1613.785000,453.395000
383.785000,1612.700000,453.405000
383.030000,1610.130000,453.465000
383.795000,1612.995000,453.440000
383.755000,1612.415000,453.425000
388.255000,1622.375000,453.245000
384.955000,1614.815000,453.370000
387.660000,1621.365000,453.295000
389.410000,1625.395000,453.195000
389.050000,1624.570000,453.200000
388.395000,1623.180000,453.215000
393.550000,1633.805000,452.985000
392.350000,1630.965000,453.055000
390.970000,1628.100000,453.110000
392.630000,1631.755000,453.045000
389.330000,1625.235000,453.190000
391.225000,1628.560000,453.085000
395.740000,1638.645000,452.875000
395.120000,1637.570000,452.925000
394.445000,1636.130000,452.960000
394.650000,1636.885000,452.930000
395.310000,1637.935000,452.905000
399.200000,1646.565000,452.720000
398.345000,1644.760000,452.780000
397.045000,1641.355000,452.810000
397.870000,1643.750000,452.785000
398.400000,1644.935000,452.785000
402.380000,1653.525000,452.575000
400.010000,1648.550000,452.675000
401.700000,1652.110000,452.600000
399.520000,1647.350000,452.740000
403.920000,1657.185000,452.505000
402.865000,1655.060000,452.555000
407.185000,1664.875000,452.320000
406.755000,1663.905000,452.335000
404.995000,1659.520000,452.460000
406.435000,1663.450000,452.360000
408.250000,1667.960000,452.225000
408.200000,1667.620000,452.265000
407.100000,1664.585000,452.325000
408.230000,1667.800000,452.230000
407.330000,1665.690000,452.300000
411.500000,1673.865000,452.090000
409.070000,1669.430000,452.215000
411.380000,1673.730000,452.095000
414.560000,1680.770000,451.885000
413.285000,1677.670000,451.990000
414.015000,1679.580000,451.915000
418.840000,1689.220000,451.650000
415.565000,1682.490000,451.880000
415.290000,1681.970000,451.890000
421.645000,1695.645000,451.470000
420.120000,1691.700000,451.565000
419.405000,1690.145000,451.625000
419.890000,1690.940000,451.590000
416.070000,1683.495000,451.820000
422.765000,1698.000000,451.390000
422.010000,1696.610000,451.420000
421.440000,1695.165000,451.495000
422.565000,1697.455000,451.425000
421.870000,1696.315000,451.435000
