486468.620 3288268.230 414.960
486468.650 3288268.310 414.920
486468.890 3288269.610 414.950
486468.980 3288271.760 414.960
486468.880 3288272.370 414.930
486469.240 3288273.940 415.010
486469.600 3288274.370 415.040
486470.180 3288274.920 414.990
486470.340 3288275.280 414.990
486470.470 3288275.850 414.970
486470.520 3288276.160 414.990
486470.490 3288276.310 414.980
486470.450 3288277.340 415.040
486470.600 3288277.980 415.010
486470.910 3288279.150 415.020
486471.100 3288279.920 415.050
486471.120 3288280.100 415.040
486471.180 3288280.380 415.060
486471.370 3288281.210 415.040
486471.800 3288282.300 415.090
486472.410 3288283.290 415.130
486473.130 3288284.750 415.160
486472.920 3288286.250 415.180
486473.310 3288287.400 415.140
486473.580 3288289.330 415.150
486474.440 3288290.120 415.170
486474.840 3288290.650 415.210
486474.640 3288291.520 415.190
486474.620 3288292.310 415.200
486474.760 3288293.230 415.200
486474.930 3288293.630 415.190
486475.550 3288294.500 415.230
486475.640 3288295.330 415.250
486476.420 3288297.430 415.290
486476.400 3288298.750 415.260
486476.420 3288299.200 415.270
486476.440 3288299.670 415.360
486476.510 3288300.150 415.270
486476.660 3288301.190 415.280
486476.730 3288301.390 415.290
486477.700 3288302.650 415.300
486477.860 3288302.960 415.330
486477.840 3288303.210 415.330
486478.090 3288304.650 415.250
486478.550 3288306.540 415.370
486478.890 3288308.700 415.370
486479.590 3288310.140 415.430
486479.890 3288310.520 415.410
486480.390 3288313.340 415.480
486480.680 3288313.730 415.450
486480.690 3288315.350 415.480
486481.100 3288316.250 415.400
486481.850 3288317.700 415.520
486482.120 3288318.570 415.520
486482.410 3288320.620 415.530
486482.880 3288322.340 415.570
486483.320 3288323.350 415.570
486483.630 3288324.340 415.570
486483.840 3288324.720 415.580
486483.960 3288325.510 415.570
486483.950 3288327.000 415.540
486484.940 3288328.500 415.620
486484.490 3288330.050 415.620
486484.450 3288330.470 415.630
486484.470 3288330.840 415.640
486484.730 3288331.720 415.660
486485.590 3288332.770 415.710
486485.620 3288334.120 415.670
486485.620 3288334.230 415.670
486485.800 3288335.280 415.680
486486.120 3288336.320 415.700
486486.730 3288336.980 415.710
486486.970 3288337.920 415.720
486486.940 3288338.380 415.660
486487.010 3288339.740 415.770
486487.240 3288340.760 415.800
486487.600 3288341.720 415.820
486487.610 3288342.470 415.770
486487.910 3288343.860 415.830
486488.090 3288344.360 415.830
486488.220 3288344.810 415.810
486488.240 3288345.000 415.810
486488.330 3288345.420 415.810
486488.440 3288345.880 415.810
486489.270 3288347.090 415.860
486489.990 3288348.240 415.900
486490.140 3288349.250 415.860
486490.040 3288350.470 415.890
486490.180 3288351.090 415.880
486490.240 3288351.850 415.900
486490.540 3288352.760 415.910
486490.580 3288353.320 415.940
486490.980 3288355.050 415.920
486491.230 3288355.570 415.930
486491.660 3288356.310 415.950
486491.600 3288357.500 415.950
486491.740 3288358.000 415.970
486491.940 3288358.680 415.970
486492.790 3288359.720 415.900
486493.070 3288361.470 415.960
486494.030 3288362.790 416.080
486494.580 3288364.050 416.040
486494.060 3288366.100 416.050
486494.370 3288367.470 416.070
486495.880 3288368.750 416.150
486495.290 3288370.870 416.160
486495.800 3288371.870 416.210
486495.920 3288373.110 416.100
486496.030 3288373.670 416.140
486496.050 3288374.050 416.160
486495.980 3288374.480 416.160
486496.590 3288376.370 416.210
486496.960 3288377.680 416.200
486497.450 3288379.130 416.220
486498.030 3288379.850 416.260
486498.310 3288381.960 416.280
486498.690 3288382.380 416.190
486498.930 3288382.640 416.230
486498.890 3288384.450 416.350
486498.990 3288384.680 416.300
486499.080 3288384.920 416.240
486499.410 3288386.410 416.310
486499.570 3288386.890 416.310
486499.660 3288387.180 416.330
486500.140 3288389.000 416.340
486500.290 3288389.440 416.360
486500.570 3288389.950 416.420
486500.810 3288390.660 416.370
486500.900 3288391.550 416.400
486501.370 3288392.460 416.390
486501.950 3288393.520 416.460
486501.760 3288395.920 416.430
486501.900 3288396.150 416.420
486501.950 3288396.500 416.430
486502.000 3288396.770 416.450
486502.320 3288397.910 416.450
486502.460 3288398.380 416.480
486503.480 3288400.320 416.540
486503.560 3288401.220 416.510
486503.800 3288401.920 416.500
486503.940 3288403.590 416.500
486504.790 3288405.500 416.540
486505.000 3288406.360 416.600
486505.900 3288408.490 416.550
486506.230 3288409.990 416.590
486506.490 3288410.580 416.550
486506.420 3288413.270 416.610
486506.710 3288414.140 416.650
486507.490 3288415.300 416.700
486507.940 3288415.780 416.680
486507.900 3288416.640 416.650
486508.000 3288417.220 416.700
486507.980 3288417.590 416.690
486507.800 3288418.950 416.680
486507.990 3288419.610 416.680
486509.340 3288420.910 416.700
486509.420 3288423.170 416.670
486509.440 3288423.470 416.680
486509.910 3288425.020 416.760
486510.500 3288427.180 416.700
486510.690 3288427.600 416.710
486510.780 3288428.220 416.710
486510.840 3288429.460 416.790
486510.860 3288429.660 416.790
486510.830 3288430.390 416.820
486511.690 3288432.660 416.850
486511.950 3288432.850 416.830
486511.940 3288432.980 416.850
486512.540 3288435.060 416.790
486513.100 3288437.440 416.870
486513.860 3288438.960 416.900
486514.000 3288440.660 416.950
486514.100 3288440.930 416.970
486514.070 3288442.150 416.940
486514.290 3288443.140 416.940
486514.850 3288444.270 416.980
486514.780 3288445.500 416.970
486514.990 3288446.490 416.990
486515.660 3288447.830 417.050
486515.810 3288448.660 417.000
486515.930 3288449.200 417.020
486516.190 3288450.270 417.090
486517.060 3288452.390 417.090
486517.520 3288453.880 417.110
486518.350 3288454.810 417.100
486518.350 3288457.360 417.110
486519.280 3288459.400 417.180
486519.680 3288459.820 417.180
486519.450 3288461.170 417.170
486520.050 3288463.500 417.250
486519.970 3288464.320 417.210
486520.010 3288464.770 417.220
486520.160 3288465.790 417.230
486521.110 3288467.460 417.260
486521.500 3288467.720 417.190
486521.490 3288468.640 417.190
486522.370 3288471.520 417.300
486522.110 3288473.300 417.340
486522.480 3288474.190 417.340
486523.320 3288475.200 417.360
486523.260 3288475.710 417.350
486523.260 3288477.390 417.380
486523.410 3288477.770 417.380
486523.520 3288478.070 417.430
486523.760 3288478.590 417.390
486524.200 3288479.110 417.420
486524.580 3288479.760 417.410
486524.550 3288481.450 417.430
486525.320 3288483.500 417.460
486526.040 3288485.590 417.410
486525.840 3288487.240 417.500
486525.800 3288488.360 417.490
486526.500 3288489.680 417.510
486526.590 3288489.890 417.540
486526.770 3288490.410 417.590
486527.030 3288491.310 417.540
486527.160 3288491.700 417.620
486527.230 3288491.850 417.560
486527.300 3288492.050 417.600
486527.450 3288492.620 417.590
486528.170 3288494.360 417.590
486528.450 3288494.760 417.580
486528.840 3288497.390 417.610
486528.870 3288497.540 417.630
486528.740 3288498.140 417.630
486528.630 3288498.630 417.620
486528.380 3288500.480 417.660
486528.410 3288500.620 417.660
486528.920 3288501.790 417.690
486529.920 3288502.870 417.670
486530.050 3288503.050 417.680
486530.150 3288503.200 417.680
486530.220 3288503.400 417.680
486530.280 3288503.600 417.680
486530.430 3288503.980 417.690
486530.550 3288505.010 417.710
486531.550 3288506.340 417.730
486531.410 3288507.570 417.730
486531.390 3288507.970 417.740
486532.420 3288509.940 417.790
486533.300 3288511.450 417.810
486533.370 3288513.640 417.830
486533.520 3288514.290 417.870
486533.440 3288515.480 417.830
486533.710 3288516.430 417.840
486534.360 3288517.490 417.840
486534.470 3288517.740 417.840
486534.580 3288517.960 417.850
486534.680 3288518.290 417.860
486534.720 3288518.490 417.900
486534.830 3288520.520 417.920
486535.750 3288522.040 417.930
486535.870 3288522.120 417.950
486535.880 3288522.320 417.930
486536.180 3288524.410 417.990
486536.620 3288526.290 418.040
486537.390 3288528.380 418.030
486537.570 3288528.730 418.040
486537.660 3288529.010 418.060
486537.560 3288529.930 418.060
486537.770 3288531.600 418.100
486537.810 3288532.090 418.050
486538.240 3288533.200 418.060
486538.310 3288533.470 418.050
486539.230 3288535.530 418.060
486539.280 3288536.180 418.050
486539.480 3288536.980 418.180
486539.620 3288537.760 418.090
486539.620 3288537.820 418.110
486539.460 3288538.800 418.120
486539.550 3288539.400 418.140
486539.730 3288539.900 418.140
486539.890 3288540.410 418.150
486540.050 3288541.340 418.150
486540.230 3288541.800 418.160
486540.920 3288542.810 418.140
486541.060 3288543.090 418.180
486541.110 3288543.320 418.190
486541.190 3288543.640 418.190
486541.460 3288544.220 418.200
486541.700 3288545.360 418.200
486541.770 3288545.600 418.200
486541.950 3288546.640 418.230
486542.360 3288548.530 418.300
486542.430 3288549.000 418.250
486542.550 3288549.410 418.240
486543.220 3288550.390 418.270
486543.550 3288552.490 418.290
486544.040 3288553.830 418.300
486544.060 3288555.150 418.250
486544.110 3288555.580 418.280
486544.510 3288556.610 418.330
486544.530 3288556.950 418.350
486545.300 3288559.000 418.410
486545.470 3288559.340 418.420
486545.170 3288560.720 418.430
486545.320 3288561.350 418.410
486545.440 3288561.770 418.450
486545.510 3288562.650 418.420
486545.600 3288563.220 418.400
486547.360 3288565.100 418.450
486546.890 3288567.670 418.440
486546.970 3288568.040 418.460
486547.070 3288568.490 418.460
486547.170 3288568.780 418.460
486547.440 3288569.600 418.470
486547.530 3288569.890 418.480
486547.610 3288570.170 418.480
486547.640 3288570.400 418.500
486548.280 3288571.740 418.520
486548.390 3288572.070 418.510
486548.600 3288573.990 418.560
486548.750 3288574.370 418.550
486549.000 3288575.010 418.570
486549.190 3288576.790 418.580
486549.500 3288577.550 418.620
486549.580 3288577.800 418.590
486550.010 3288579.400 418.650
486550.470 3288580.150 418.620
486550.550 3288580.490 418.620
486550.380 3288581.440 418.630
486550.690 3288582.540 418.640
486550.720 3288582.620 418.640
486551.130 3288583.530 418.670
486551.190 3288583.930 418.680
486552.100 3288585.530 418.670
486552.260 3288586.220 418.710
486552.660 3288588.220 418.690
486552.900 3288589.450 418.660
486552.920 3288589.540 418.640
486552.970 3288589.760 418.660
486552.980 3288591.510 418.720
486554.490 3288593.020 418.770
486554.550 3288594.050 418.790
486554.600 3288595.250 418.750
486554.620 3288596.430 418.760
486554.610 3288597.060 418.860
486554.470 3288598.370 418.810
486554.670 3288599.060 418.830
486555.660 3288600.100 418.900
486556.090 3288600.690 418.870
486555.960 3288602.490 418.870
486556.910 3288604.320 418.910
486556.970 3288604.540 418.910
486556.730 3288606.540 418.900
486556.890 3288607.380 418.910
486557.080 3288607.830 418.910
486557.230 3288608.350 418.930
486557.930 3288609.330 418.950
486558.360 3288611.260 418.950
486558.880 3288612.060 418.990
486559.040 3288613.230 418.960
486559.390 3288614.810 418.970
486559.450 3288615.080 418.980
486559.200 3288616.060 419.030
486559.190 3288617.050 418.990
486559.550 3288618.430 419.040
486559.990 3288619.240 419.090
486560.090 3288619.470 419.060
486560.290 3288619.910 419.040
486560.480 3288621.080 419.060
486560.540 3288621.790 419.060
486560.560 3288622.120 419.060
486560.580 3288622.890 419.070
486561.040 3288623.880 419.080
486561.030 3288624.440 419.090
486561.670 3288626.360 419.120
486561.660 3288627.150 419.130
486561.840 3288627.860 419.150
486562.120 3288628.400 419.130
486562.010 3288629.710 419.180
486562.190 3288630.300 419.160
486562.300 3288630.920 419.190
486562.520 3288631.710 419.190
486563.080 3288632.850 419.210
486563.460 3288633.210 419.200
486563.570 3288633.620 419.230
486563.600 3288634.510 419.230
486564.090 3288635.820 419.230
486564.280 3288636.220 419.230
486564.450 3288636.550 419.270
486565.140 3288637.750 419.260
486565.380 3288638.100 419.290
486566.050 3288638.770 419.250
486565.830 3288640.460 419.330
486566.050 3288641.360 419.290
486566.560 3288642.420 419.310
486566.490 3288643.440 419.310
486566.540 3288644.040 419.350
486566.800 3288644.780 419.350
486567.380 3288645.670 419.390
486567.380 3288646.160 419.390
486567.880 3288648.260 419.410
486567.870 3288649.110 419.390
486567.940 3288651.060 419.460
486568.180 3288651.870 419.460
486568.450 3288652.750 419.440
486568.600 3288653.310 419.440
486569.460 3288654.490 419.540
486569.620 3288655.180 419.530
486569.590 3288655.500 419.470
486569.590 3288655.970 419.490
486570.980 3288658.280 419.560
486571.110 3288658.850 419.600
486571.030 3288661.600 419.650
486571.660 3288663.470 419.630
486571.870 3288663.950 419.620
486572.120 3288665.330 419.630
486572.590 3288668.110 419.720
486573.140 3288669.370 419.670
486573.190 3288670.010 419.690
486573.110 3288672.400 419.700
486573.180 3288672.560 419.710
486573.270 3288672.740 419.710
486573.430 3288673.140 419.710
486573.990 3288673.870 419.710
486573.960 3288675.490 419.750
486574.090 3288675.930 419.750
486574.680 3288677.070 419.810
486574.810 3288677.430 419.770
486574.860 3288678.040 419.800
486575.380 3288679.700 419.800
486575.610 3288681.000 419.810
486576.110 3288683.060 419.840
486576.420 3288683.500 419.870
486576.660 3288684.480 419.910
486576.860 3288685.140 419.870
486576.770 3288687.520 419.880
486577.350 3288688.400 419.910
486577.520 3288689.020 419.900
486577.720 3288689.520 419.870
486578.450 3288691.420 419.990
486578.560 3288691.570 419.960
486578.820 3288692.920 419.910
486579.080 3288694.830 419.960
486579.590 3288696.290 419.990
486579.770 3288696.980 419.970
486580.090 3288698.700 419.980
486580.540 3288701.290 420.020
486580.960 3288702.440 420.050
486581.590 3288704.240 420.120
486581.400 3288706.190 420.130
486581.410 3288706.750 420.100
486581.490 3288707.120 420.100
486581.630 3288707.530 420.100
486581.940 3288708.250 420.150
486582.750 3288709.210 420.150
486582.850 3288711.060 420.160
486583.770 3288712.200 420.210
486583.450 3288713.980 420.210
486583.660 3288714.640 420.230
486584.170 3288716.220 420.220
486584.150 3288716.550 420.250
486584.830 3288718.410 420.260
486585.980 3288719.050 420.290
486585.880 3288719.680 420.310
486585.430 3288721.390 420.300
486585.940 3288722.610 420.300
486586.030 3288724.240 420.370
486586.570 3288725.980 420.390
486587.030 3288728.140 420.410
486587.170 3288728.790 420.410
486586.990 3288729.710 420.400
486588.110 3288732.100 420.490
486588.170 3288732.640 420.480
486588.320 3288733.350 420.450
486588.300 3288733.720 420.450
486588.720 3288735.280 420.400
486589.160 3288736.510 420.530
486589.410 3288738.200 420.510
486589.600 3288739.650 420.530
486589.630 3288740.760 420.540
486589.690 3288741.150 420.530
486589.890 3288741.910 420.560
486589.940 3288742.480 420.540
486590.340 3288744.110 420.570
486590.470 3288744.500 420.580
486590.520 3288745.300 420.590
486590.510 3288745.360 420.580
486591.060 3288747.540 420.620
486591.110 3288747.990 420.630
486591.490 3288749.220 420.630
486591.510 3288749.390 420.650
486591.550 3288749.820 420.650
486592.800 3288751.450 420.730
486592.760 3288753.220 420.750
486593.030 3288754.400 420.700
486592.990 3288755.880 420.740
486593.490 3288756.880 420.740
486593.940 3288757.890 420.760
486594.290 3288759.060 420.820
486594.990 3288759.780 420.820
486594.640 3288761.150 420.800
486595.150 3288762.910 420.860
486595.000 3288763.890 420.830
486595.820 3288765.610 420.870
486596.200 3288767.460 420.910
486596.090 3288768.440 420.900
486596.340 3288769.510 420.930
486596.530 3288770.830 420.930
486596.850 3288771.890 420.960
486597.520 3288773.250 420.980
486597.720 3288774.610 421.010
486598.010 3288776.220 420.970
486598.000 3288777.420 421.050
486599.510 3288779.050 421.100
486599.260 3288780.020 421.120
486599.460 3288782.820 421.200
486599.470 3288783.610 421.160
486600.140 3288784.830 421.190
486600.940 3288787.160 421.300
486601.000 3288788.300 421.230
486601.080 3288788.770 421.250
486601.210 3288789.370 421.250
486601.930 3288791.660 421.360
486602.430 3288792.060 421.360
486602.420 3288795.000 421.380
486602.540 3288795.570 421.280
486602.950 3288796.780 421.430
486603.260 3288798.710 421.440
486603.250 3288799.710 421.440
486603.460 3288800.690 421.440
486603.560 3288801.620 421.480
486603.940 3288802.490 421.460
486604.230 3288802.990 421.490
486604.220 3288803.950 421.490
486604.400 3288804.490 421.490
486604.440 3288804.570 421.490
486604.580 3288805.550 421.550
486604.750 3288806.520 421.520
486605.020 3288807.320 421.620
486605.220 3288808.480 421.550
486605.590 3288809.090 421.550
486605.900 3288809.920 421.610
486606.200 3288810.350 421.630
486606.580 3288813.480 421.650
486606.860 3288814.510 421.660
486607.070 3288814.970 421.600
486607.100 3288815.490 421.630
486607.230 3288816.460 421.720
486607.680 3288817.550 421.720
486607.730 3288817.960 421.720
486607.680 3288818.800 421.740
486607.620 3288819.470 421.820
486607.800 3288820.900 421.780
486608.050 3288821.650 421.800
486608.320 3288822.460 421.810
486608.440 3288823.280 421.820
486609.400 3288825.450 421.880
486609.410 3288825.870 421.890
486609.390 3288827.360 421.890
486610.330 3288828.940 421.930
486610.550 3288832.170 421.990
486611.550 3288833.030 422.080
486611.550 3288833.440 422.020
486611.600 3288833.910 422.090
486611.350 3288835.890 422.140
486612.020 3288836.940 422.090
486612.300 3288837.510 422.100
486612.500 3288838.260 422.130
486612.150 3288839.270 422.130
486612.270 3288840.430 422.150
486612.730 3288841.900 422.190
486613.340 3288842.690 422.120
486613.560 3288843.070 422.120
486613.390 3288843.390 422.190
486613.460 3288845.740 422.280
486614.300 3288847.630 422.230
486614.560 3288848.910 422.410
486614.700 3288850.250 422.350
486614.780 3288850.540 422.360
486615.090 3288852.020 422.430
486615.750 3288852.970 422.390
486615.480 3288854.250 422.430
486615.730 3288855.720 422.470
486615.850 3288856.020 422.450
486615.920 3288856.220 422.450
486616.040 3288856.520 422.460
486616.110 3288856.750 422.460
486616.850 3288858.160 422.400
486617.590 3288861.080 422.540
486617.600 3288861.280 422.620
486617.210 3288862.660 422.570
486617.450 3288863.670 422.610
486617.560 3288864.090 422.590
486617.620 3288864.540 422.620
486617.640 3288864.690 422.640
486617.950 3288867.730 422.670
486618.030 3288868.180 422.690
486618.160 3288868.590 422.700
486618.300 3288868.870 422.730
486618.560 3288869.500 422.720
486618.810 3288870.300 422.700
486619.030 3288870.740 422.750
486619.380 3288871.410 422.780
486619.900 3288872.100 422.770
486620.030 3288872.300 422.780
486620.320 3288874.220 422.770
486620.430 3288874.640 422.750
486620.580 3288875.360 422.770
486620.810 3288876.230 422.860
486620.520 3288877.420 422.870
486620.530 3288877.770 422.890
486620.670 3288878.390 422.890
486621.680 3288880.120 422.920
486621.800 3288880.860 422.940
486621.860 3288881.720 422.900
486621.650 3288882.660 422.990
486621.930 3288883.910 423.010
486622.230 3288884.870 423.050
486622.340 3288885.250 423.040
486623.010 3288886.560 423.010
486623.340 3288887.350 423.040
486623.620 3288889.000 423.040
486624.090 3288891.580 423.190
486624.100 3288893.270 423.240
486624.150 3288893.540 423.230
486624.200 3288893.920 423.240
486624.240 3288895.040 423.250
486624.360 3288895.480 423.240
486624.160 3288896.210 423.300
486624.160 3288896.660 423.290
486624.880 3288898.820 423.340
486624.700 3288900.000 423.360
486625.120 3288901.310 423.400
486625.390 3288901.800 423.430
486626.110 3288903.920 423.480
486626.130 3288904.790 423.430
486626.750 3288906.270 423.500
486627.380 3288907.380 423.500
486627.650 3288908.060 423.530
486627.860 3288909.040 423.510
486627.920 3288910.240 423.650
486628.280 3288911.140 423.590
486628.130 3288912.420 423.650
486628.250 3288912.910 423.640
486628.380 3288913.990 423.680
486628.600 3288914.750 423.690
486628.680 3288915.840 423.720
486629.390 3288916.950 423.750
486629.610 3288917.610 423.760
486630.120 3288918.880 423.780
486629.840 3288920.350 423.830
486629.960 3288921.050 423.840
486630.340 3288921.820 423.840
486630.630 3288922.490 423.840
486630.650 3288924.060 423.910
486631.370 3288925.540 423.950
486631.380 3288927.370 424.010
486631.670 3288928.220 423.990
486632.560 3288929.930 424.040
486632.340 3288930.900 424.070
486632.390 3288931.390 424.050
486632.520 3288932.030 424.090
486632.430 3288932.550 424.090
486632.880 3288934.170 424.130
486633.690 3288935.590 424.160
486633.030 3288937.050 424.200
486633.540 3288938.640 424.230
486633.750 3288939.130 424.270
486634.000 3288939.570 424.260
486634.140 3288939.910 424.280
486634.120 3288941.140 424.290
486634.250 3288941.510 424.300
486634.480 3288942.170 424.320
486634.630 3288942.710 424.340
486634.650 3288942.860 424.340
486634.730 3288943.210 424.350
486634.930 3288943.900 424.370
486635.090 3288944.460 424.370
486635.110 3288944.930 424.400
486635.190 3288945.390 424.400
486635.600 3288946.740 424.440
486635.740 3288947.280 424.460
486635.780 3288947.870 424.460
486635.820 3288948.420 424.480
486635.800 3288949.000 424.490
486636.150 3288950.230 424.520
486636.380 3288951.050 424.530
486636.880 3288951.860 424.490
486637.110 3288952.270 424.500
486637.280 3288952.560 424.590
486637.210 3288953.250 424.590
486638.450 3288956.880 424.590
486638.380 3288957.260 424.690
486638.570 3288958.640 424.750
486639.160 3288960.270 424.670
486639.140 3288960.390 424.660
486638.810 3288962.150 424.870
486638.950 3288963.320 424.810
486639.020 3288963.500 424.840
486639.180 3288964.740 424.840
486639.450 3288965.220 424.840
486639.500 3288965.320 424.870
486639.530 3288966.410 424.890
486639.700 3288966.840 424.890
486639.870 3288967.270 424.910
486640.010 3288967.510 424.930
486640.480 3288968.280 424.940
486641.040 3288970.670 425.030
486641.200 3288971.260 425.060
486640.950 3288972.880 425.050
486641.380 3288973.990 425.110
486641.420 3288974.260 425.100
486641.490 3288974.570 425.100
486642.310 3288976.010 425.130
486642.960 3288977.910 425.110
486643.050 3288978.420 425.200
486643.080 3288978.720 425.190
486643.050 3288979.940 425.210
486643.350 3288981.200 425.360
486643.510 3288982.080 425.290
486643.920 3288982.850 425.320
486644.240 3288984.050 425.350
486644.050 3288985.160 425.450
486643.880 3288986.600 425.410
486644.460 3288987.690 425.490
486644.680 3288988.260 425.510
486644.890 3288989.580 425.490
486644.980 3288989.960 425.520
486645.660 3288991.850 425.570
486645.910 3288993.570 425.650
486646.120 3288993.970 425.610
486646.090 3288994.840 425.600
486646.080 3288995.640 425.640
486646.800 3288997.420 425.740
486646.900 3288998.410 425.730
486647.060 3288999.730 425.780
486647.520 3289001.720 425.840
486647.490 3289003.590 425.890
486648.260 3289005.320 425.910
486648.150 3289005.950 425.940
486648.440 3289007.220 425.960
486648.520 3289007.550 425.970
486649.090 3289009.650 426.080
486649.320 3289011.210 426.110
486649.420 3289011.440 426.070
486649.630 3289011.950 426.080
486649.840 3289013.260 426.120
486650.140 3289015.020 426.150
486650.540 3289015.810 426.210
486650.500 3289017.130 426.230
486651.310 3289018.890 426.310
486651.320 3289019.240 426.310
486651.830 3289020.600 426.370
486651.890 3289022.990 426.370
486652.110 3289023.960 426.390
486652.120 3289025.040 426.440
486652.170 3289025.800 426.460
486652.080 3289027.000 426.490
486652.210 3289027.570 426.510
486652.370 3289028.210 426.530
486652.960 3289029.310 426.570
486653.180 3289029.560 426.610
486653.480 3289031.090 426.610
486653.610 3289032.360 426.570
486653.560 3289032.650 426.600
486653.480 3289033.670 426.680
486654.300 3289035.100 426.730
486654.660 3289037.350 426.780
486656.020 3289039.650 426.710
486656.000 3289040.220 426.790
486655.940 3289041.760 426.770
486655.780 3289043.150 426.950
486655.760 3289043.610 426.950
486656.280 3289045.100 427.010
486656.410 3289046.780 427.060
486656.630 3289047.260 427.070
486657.020 3289048.630 427.100
486657.360 3289050.430 427.180
486657.460 3289050.780 427.200
486657.570 3289051.200 427.230
486657.870 3289052.210 427.210
486657.890 3289052.330 427.220
486657.990 3289054.150 427.220
486658.310 3289054.630 427.300
486658.130 3289055.370 427.310
486658.230 3289056.230 427.370
486659.370 3289058.100 427.440
486659.280 3289058.840 427.470
486659.490 3289060.240 427.490
486660.150 3289062.240 427.530
486660.730 3289064.850 427.660
486660.420 3289066.030 427.660
486660.450 3289067.020 427.680
486661.060 3289068.310 427.780
486661.310 3289069.510 427.780
486661.220 3289070.610 427.770
486661.720 3289071.810 427.840
486662.140 3289073.350 427.840
486662.540 3289076.180 427.980
486662.460 3289076.460 427.980
486662.880 3289078.700 428.010
486663.760 3289081.110 428.140
486663.810 3289081.930 428.170
486663.900 3289082.310 428.160
486663.930 3289083.650 428.200
486664.070 3289084.730 428.240
486664.360 3289086.340 428.260
486665.060 3289087.620 428.320
486664.920 3289088.210 428.370
486664.890 3289088.490 428.340
486665.240 3289089.800 428.410
486665.430 3289091.510 428.430
486664.870 3289092.450 428.450
486666.070 3289095.590 428.550
486666.470 3289096.310 428.670
486666.760 3289097.430 428.660
486666.720 3289098.590 428.710
486666.960 3289099.610 428.770
486667.080 3289099.890 428.740
486667.080 3289101.590 428.820
486667.000 3289102.430 428.790
486667.510 3289103.670 428.860
486668.200 3289105.600 428.920
486668.460 3289107.250 428.980
486668.580 3289107.760 429.000
486668.510 3289109.910 429.030
486668.510 3289110.530 429.070
486668.650 3289111.130 429.070
486669.300 3289112.080 429.130
486669.600 3289112.510 429.120
486670.080 3289113.890 429.160
486670.120 3289114.000 429.180
486670.110 3289115.170 429.250
486670.050 3289115.970 429.240
486670.080 3289116.300 429.220
486670.090 3289116.430 429.210
486670.530 3289117.570 429.310
486670.630 3289117.980 429.300
486670.780 3289119.180 429.360
486670.810 3289120.000 429.360
486671.070 3289121.470 429.430
486671.370 3289122.840 429.470
486671.400 3289123.220 429.500
486671.590 3289124.180 429.500
486672.310 3289126.220 429.620
486672.350 3289126.670 429.610
486672.370 3289127.410 429.640
486672.570 3289128.420 429.670
486672.620 3289128.720 429.670
486672.420 3289129.480 429.720
486672.410 3289129.680 429.700
486672.640 3289130.910 429.740
486673.060 3289131.790 429.770
486673.080 3289132.020 429.730
486673.100 3289132.290 429.750
486672.880 3289134.440 429.870
486674.110 3289135.930 429.940
486674.110 3289136.200 429.930
486674.170 3289136.680 429.970
486674.340 3289138.480 429.950
486674.400 3289138.860 429.950
486674.410 3289139.040 429.950
486674.470 3289139.920 430.020
486675.170 3289142.610 430.150
486675.250 3289143.030 430.170
486675.360 3289143.580 430.180
486675.190 3289145.530 430.230
486675.470 3289147.140 430.310
486675.670 3289148.210 430.330
486676.120 3289150.490 430.460
486676.670 3289151.900 430.510
486676.760 3289153.750 430.580
486677.460 3289155.510 430.670
486677.530 3289155.900 430.650
486677.930 3289157.160 430.660
486677.700 3289158.880 430.730
486678.390 3289160.450 430.780
486678.410 3289161.200 430.820
486678.490 3289161.760 430.860
486678.790 3289163.210 430.930
486678.810 3289165.350 430.960
486678.900 3289165.530 430.960
486679.060 3289165.830 430.980
486679.200 3289167.010 431.030
486679.690 3289168.280 431.090
486679.620 3289169.540 431.110
486680.560 3289171.110 431.150
486680.410 3289172.410 431.240
486680.610 3289173.370 431.180
486681.820 3289175.830 431.380
486681.760 3289177.330 431.450
486682.070 3289180.110 431.460
486682.150 3289181.760 431.590
486682.030 3289182.430 431.550
486683.310 3289185.010 431.720
486683.950 3289188.490 431.770
486684.670 3289190.370 431.840
486683.820 3289192.000 431.910
486683.700 3289192.470 431.940
486683.660 3289192.800 431.940
486683.710 3289194.750 432.020
486683.980 3289195.180 432.040
486684.310 3289196.110 432.070
486684.810 3289197.270 432.100
486684.880 3289199.830 432.210
486685.050 3289200.150 432.210
486684.850 3289200.710 432.210
486684.250 3289201.800 432.260
486684.130 3289202.200 432.290
486684.770 3289204.450 432.350
486685.180 3289205.570 432.400
486685.970 3289206.590 432.450
486686.480 3289209.020 432.520
486686.880 3289209.410 432.530
486686.850 3289209.920 432.540
486686.720 3289211.450 432.590
486687.540 3289212.950 432.680
486688.100 3289213.760 432.660
486688.040 3289213.870 432.710
486687.970 3289216.210 432.770
486688.240 3289217.010 432.820
486688.390 3289217.390 432.780
486688.550 3289218.310 432.870
486689.000 3289220.750 432.940
486689.110 3289221.460 433.000
486689.330 3289222.000 433.010
486689.740 3289222.590 433.040
486689.920 3289224.540 433.100
486689.800 3289225.490 433.140
486689.820 3289225.940 433.130
486689.810 3289226.510 433.150
486689.860 3289226.930 433.160
486689.850 3289227.030 433.190
486689.650 3289227.230 433.180
486688.810 3289229.890 433.300
486690.070 3289231.230 433.340
486690.180 3289231.660 433.340
486691.300 3289233.550 433.380
486691.780 3289233.940 433.440
486690.960 3289235.580 433.510
486691.000 3289236.220 433.490
486690.930 3289236.810 433.520
486690.500 3289238.080 433.550
486690.650 3289239.400 433.640
486690.950 3289239.990 433.610
486692.610 3289241.840 433.650
486692.380 3289243.240 433.720
486692.480 3289244.980 433.800
486692.470 3289245.080 433.780
486693.230 3289247.760 433.870
486693.260 3289247.800 433.870
486693.480 3289248.990 433.930
486694.120 3289252.460 434.050
486694.790 3289252.770 434.070
486694.990 3289253.450 434.080
486695.610 3289255.520 434.140
486695.370 3289256.550 434.180
486694.910 3289257.730 434.230
486694.830 3289257.900 434.220
486694.430 3289260.070 434.330
486694.490 3289260.730 434.340
486694.580 3289261.050 434.350
486695.580 3289262.620 434.390
486696.200 3289263.080 434.420
486696.590 3289263.420 434.410
486696.610 3289263.950 434.420
486696.850 3289264.770 434.470
486696.900 3289265.340 434.520
486696.600 3289267.110 434.580
486696.840 3289269.590 434.650
486698.510 3289271.700 434.740
486698.580 3289273.040 434.740
486698.560 3289273.360 434.770
486698.560 3289273.930 434.790
486698.760 3289275.300 434.840
486698.880 3289276.040 434.870
486698.840 3289278.140 434.950
486698.900 3289278.490 434.940
486698.870 3289280.180 435.010
486699.140 3289281.320 435.040
486699.510 3289281.820 435.050
486699.600 3289282.120 435.080
486699.710 3289282.940 435.130
486699.560 3289284.930 435.160
486699.890 3289285.780 435.190
486700.110 3289286.070 435.190
486700.060 3289286.500 435.220
486700.010 3289286.920 435.230
486700.180 3289288.350 435.310
486700.610 3289289.320 435.320
486700.790 3289290.060 435.360
486701.150 3289291.030 435.360
486700.900 3289291.370 435.370
486700.510 3289292.870 435.470
486700.930 3289294.050 435.450
486701.570 3289295.690 435.530
486701.470 3289297.670 435.610
486701.900 3289298.500 435.640
486702.910 3289300.250 435.670
486703.330 3289301.340 435.720
486703.220 3289301.620 435.720
486703.040 3289302.400 435.750
486703.030 3289303.480 435.820
486703.250 3289304.160 435.850
486703.140 3289304.630 435.830
486703.290 3289305.940 435.880
486703.580 3289306.690 435.900
486703.630 3289306.960 435.920
486703.670 3289307.790 435.930
486703.860 3289308.680 435.960
486705.090 3289310.350 435.990
486704.160 3289312.640 436.120
486704.460 3289313.410 436.160
486704.450 3289313.710 436.160
486704.480 3289314.120 436.170
486704.540 3289314.600 436.190
486705.430 3289316.960 436.260
486705.830 3289318.000 436.290
486705.900 3289318.190 436.290
486706.020 3289320.190 436.380
486706.280 3289321.710 436.440
486706.930 3289322.630 436.440
486707.470 3289323.370 436.490
486707.480 3289323.630 436.480
486707.620 3289324.440 436.530
486707.570 3289324.850 436.520
486707.560 3289326.230 436.570
486708.590 3289328.070 436.640
486708.840 3289328.860 436.660
486708.850 3289329.290 436.680
486708.740 3289330.280 436.720
486709.170 3289331.380 436.740
486709.260 3289331.560 436.740
486709.610 3289332.970 436.820
486710.340 3289334.120 436.820
486709.900 3289335.810 436.900
486710.170 3289337.350 436.930
486710.250 3289337.630 436.950
486710.580 3289338.590 436.990
486710.830 3289340.190 437.010
486711.800 3289341.950 437.090
486711.390 3289343.050 437.130
486712.410 3289345.140 437.180
486712.750 3289346.300 437.240
486712.390 3289348.040 437.310
486712.920 3289349.160 437.370
486713.390 3289350.050 437.310
486713.560 3289351.030 437.330
486713.570 3289351.080 437.340
486713.510 3289351.640 437.370
486713.450 3289352.730 437.460
486713.340 3289354.100 437.540
486713.370 3289354.260 437.540
486714.350 3289356.070 437.640
486714.610 3289357.510 437.660
486714.540 3289358.800 437.750
486714.640 3289359.610 437.760
486715.140 3289361.190 437.790
486714.680 3289362.340 437.850
486717.320 3289375.580 438.350
486717.290 3289376.350 438.380
486717.430 3289377.970 438.420
486717.670 3289378.660 438.450
486718.030 3289379.460 438.460
486718.290 3289380.530 438.510
486718.760 3289381.880 438.570
486719.160 3289382.760 438.500
486719.390 3289383.760 438.530
486719.290 3289384.070 438.540
486719.260 3289385.980 438.710
486719.490 3289387.040 438.750
486719.590 3289388.110 438.760
486719.200 3289389.090 438.770
486719.200 3289389.780 438.840
486719.270 3289390.390 438.850
486719.610 3289391.660 438.890
486720.290 3289392.880 438.920
486720.720 3289394.430 438.980
486721.850 3289396.130 439.020
486721.220 3289397.540 439.100
486721.470 3289398.750 439.120
486721.590 3289399.050 439.150
486721.630 3289399.650 439.220
486721.690 3289400.500 439.220
486722.100 3289401.910 439.270
486722.360 3289402.830 439.290
486722.470 3289403.680 439.350
486722.850 3289405.040 439.360
486722.470 3289406.080 439.400
486723.210 3289408.560 439.490
486723.890 3289409.590 439.460
486724.030 3289410.480 439.510
486724.030 3289411.900 439.600
486724.480 3289412.860 439.690
486725.090 3289414.430 439.650
486725.320 3289415.320 439.630
486725.530 3289417.250 439.740
486725.450 3289417.740 439.750
486725.450 3289418.290 439.790
486725.930 3289420.010 439.880
486726.410 3289421.370 439.930
486726.710 3289424.310 440.090
486728.370 3289425.260 440.090
486727.420 3289428.350 440.210
486728.090 3289429.520 440.250
486728.000 3289431.080 440.230
486728.040 3289431.790 440.310
486728.210 3289432.320 440.350
486728.540 3289434.660 440.320
486728.630 3289435.560 440.460
486728.470 3289436.750 440.510
486728.570 3289437.410 440.500
486728.790 3289437.950 440.540
486729.730 3289439.500 440.560
486729.510 3289440.430 440.620
486729.590 3289441.790 440.690
486730.070 3289442.970 440.640
486730.040 3289444.880 440.790
486730.350 3289446.290 440.830
486731.040 3289447.350 440.850
486730.850 3289447.750 440.870
486730.760 3289448.980 440.910
486730.580 3289449.570 440.950
486730.460 3289450.010 440.950
486730.230 3289451.430 441.030
486730.070 3289451.990 441.000
486730.280 3289456.090 441.180
486731.290 3289456.840 441.220
486732.880 3289458.660 441.260
486733.060 3289459.300 441.260
486733.850 3289461.300 441.300
486733.520 3289461.960 441.280
486733.430 3289463.600 441.440
486733.680 3289464.550 441.460
486733.750 3289464.820 441.450
486733.610 3289465.410 441.520
486733.540 3289467.870 441.610
486733.060 3289468.630 441.620
486733.060 3289471.560 441.680
486733.230 3289472.480 441.770
486735.420 3289488.290 442.320
486736.340 3289489.650 442.360
486737.550 3289492.090 442.450
486737.210 3289493.690 442.460
486737.150 3289494.130 442.460
486737.340 3289496.090 442.580
486737.360 3289496.130 442.570
486738.600 3289501.510 442.740
486739.710 3289502.630 442.830
486739.980 3289503.180 442.850
486740.130 3289503.800 442.850
486740.660 3289504.790 442.910
486741.590 3289505.870 442.830
486741.940 3289507.700 442.960
486742.050 3289511.500 443.130
486742.590 3289513.690 443.210
486743.470 3289514.310 443.220
486743.200 3289515.190 443.300
486743.380 3289517.300 443.310
486745.100 3289518.830 443.390
486744.830 3289521.900 443.480
486744.650 3289522.570 443.540
486745.310 3289524.930 443.560
486745.090 3289526.390 443.680
486745.250 3289527.620 443.650
486745.280 3289527.890 443.670
486746.470 3289530.240 443.790
486746.430 3289531.840 443.830
486746.480 3289532.240 443.830
486746.410 3289533.710 443.850
486746.490 3289534.000 443.860
486746.580 3289534.380 443.900
486747.160 3289536.290 443.990
486747.370 3289536.810 444.000
486747.760 3289539.240 444.110
486747.900 3289539.580 444.120
486748.020 3289541.390 444.090
486748.550 3289543.270 444.190
486748.940 3289544.010 444.230
486748.990 3289545.170 444.190
486749.300 3289546.250 444.300
486749.360 3289547.010 444.220
486749.360 3289547.180 444.200
486749.460 3289548.000 444.310
486749.610 3289548.600 444.340
486750.360 3289550.790 444.470
486750.620 3289551.080 444.430
486750.290 3289552.970 444.490
486750.710 3289554.720 444.550
486750.800 3289554.980 444.560
486750.430 3289556.400 444.620
486750.510 3289556.860 444.640
486750.680 3289557.400 444.660
486751.220 3289558.330 444.700
486751.060 3289559.330 444.700
486751.070 3289559.800 444.740
486751.140 3289560.360 444.770
486751.310 3289560.850 444.790
486751.420 3289561.310 444.810
486751.520 3289561.660 444.840
486751.650 3289561.970 444.820
486751.700 3289562.220 444.810
486752.370 3289563.670 444.900
486752.480 3289564.920 444.880
486752.580 3289565.250 444.920
486752.640 3289565.470 444.950
486752.820 3289566.320 444.980
486752.430 3289567.360 445.060
486752.580 3289568.870 445.080
486752.900 3289570.510 445.160
486752.420 3289571.130 445.150
486752.710 3289573.830 445.280
486753.020 3289574.510 445.320
486754.860 3289576.350 445.290
486754.700 3289577.170 445.370
486754.480 3289579.690 445.460
486754.770 3289580.430 445.510
486755.110 3289581.630 445.560
486755.250 3289581.830 445.580
486755.330 3289582.440 445.620
486755.310 3289582.740 445.610
486755.440 3289584.250 445.660
486755.560 3289585.650 445.720
486755.840 3289586.920 445.760
486756.290 3289588.490 445.810
486756.370 3289588.890 445.800
486756.410 3289589.170 445.810
486756.460 3289589.690 445.890
486756.770 3289591.800 445.920
486757.020 3289592.340 445.940
486757.200 3289594.010 446.010
486756.990 3289594.920 446.050
486757.030 3289595.490 446.050
486757.850 3289597.880 446.150
486757.960 3289598.460 446.190
486758.030 3289598.830 446.160
486758.210 3289599.350 446.190
486758.500 3289600.240 446.210
486759.570 3289601.490 446.260
486759.650 3289602.770 446.310
486759.870 3289604.620 446.340
486759.900 3289605.350 446.390
486759.960 3289606.110 446.410
486760.650 3289608.490 446.500
486760.370 3289610.020 446.520
486761.040 3289611.310 446.630
486761.470 3289612.310 446.590
486761.550 3289613.220 446.610
486761.610 3289614.530 446.660
486760.540 3289616.350 446.770
486760.050 3289617.810 446.830
486759.930 3289618.310 446.870
486759.900 3289620.050 446.950
486760.660 3289621.230 446.970
486760.840 3289621.540 446.970
486762.660 3289623.690 447.070
486761.950 3289626.640 447.170
486763.600 3289629.640 447.260
486763.990 3289629.880 447.260
486764.090 3289630.200 447.270
486764.250 3289630.680 447.270
486764.250 3289631.250 447.320
486764.490 3289632.220 447.350
486764.580 3289632.780 447.390
486764.520 3289633.500 447.380
486764.920 3289635.130 447.440
486765.250 3289635.540 447.440
486765.770 3289636.350 447.470
486765.510 3289637.830 447.530
486765.590 3289638.320 447.580
486765.710 3289638.740 447.580
486765.820 3289639.230 447.570
486765.930 3289639.730 447.590
486765.990 3289640.100 447.610
486766.110 3289640.560 447.590
486766.130 3289641.020 447.660
486766.170 3289641.370 447.660
486766.230 3289641.820 447.670
486766.320 3289642.570 447.720
486767.530 3289644.300 447.760
486767.540 3289645.250 447.760
486767.530 3289645.910 447.740
486767.360 3289647.120 447.860
486767.380 3289647.570 447.880
486767.520 3289648.140 447.880
486767.610 3289648.550 447.870
486767.870 3289649.560 447.920
486768.400 3289651.190 447.960
486768.760 3289651.590 447.920
486768.820 3289651.980 448.000
486768.870 3289652.440 447.990
486768.560 3289653.250 448.040
486768.560 3289654.200 448.100
486769.400 3289655.900 448.200
486769.930 3289658.180 448.130
486770.050 3289658.490 448.160
486770.180 3289659.940 448.280
486770.350 3289660.350 448.310
486770.570 3289660.780 448.290
486769.960 3289661.520 448.330
486770.140 3289664.110 448.410
486770.330 3289664.790 448.480
486770.930 3289665.640 448.490
486771.100 3289667.140 448.550
486771.340 3289668.350 448.570
486771.480 3289668.760 448.620
486771.520 3289669.020 448.580
486771.740 3289670.030 448.640
486772.120 3289671.970 448.690
486772.520 3289672.530 448.720
486772.630 3289673.180 448.730
486773.280 3289675.340 448.810
486771.990 3289677.100 448.870
486771.470 3289678.610 448.890
486773.410 3289680.930 448.970
486773.550 3289681.860 449.010
486774.530 3289683.210 449.080
486773.400 3289685.330 449.130
486773.940 3289687.480 449.200
486774.580 3289689.330 449.240
486774.990 3289690.390 449.290
486774.920 3289690.890 449.310
486774.850 3289691.360 449.330
486775.060 3289693.250 449.360
486774.960 3289694.060 449.380
486774.890 3289694.610 449.410
486775.880 3289696.650 449.460
486776.040 3289696.990 449.440
486777.160 3289698.930 449.510
486777.420 3289699.470 449.510
486777.570 3289700.110 449.530
486777.530 3289701.160 449.570
486776.590 3289704.180 449.660
486777.850 3289708.220 449.740
486778.930 3289709.680 449.830
486779.390 3289710.150 449.820
486779.380 3289711.100 449.890
486779.410 3289711.940 449.910
486779.540 3289712.370 449.890
486779.590 3289713.400 449.940
486780.420 3289715.440 449.990
486779.530 3289717.630 450.070
486780.170 3289719.800 450.140
486780.710 3289720.200 450.150
486781.440 3289720.480 450.140
486782.650 3289721.500 450.120
486782.550 3289721.900 450.120
486782.660 3289723.480 450.290
486782.600 3289725.460 450.270
486782.510 3289725.820 450.340
486782.540 3289726.960 450.340
486782.490 3289728.000 450.380
486782.460 3289728.710 450.420
486782.520 3289729.290 450.400
486782.480 3289729.830 450.440
486782.430 3289730.350 450.430
486782.360 3289730.690 450.480
486782.210 3289731.440 450.480
486783.500 3289733.970 450.580
486784.030 3289734.830 450.580
486784.740 3289736.520 450.630
486784.970 3289736.940 450.680
486785.160 3289737.480 450.660
486785.620 3289738.940 450.700
486786.360 3289740.280 450.740
486786.540 3289740.670 450.730
486786.860 3289741.980 450.730
486787.120 3289742.520 450.750
486786.690 3289744.400 450.860
486786.720 3289745.340 450.880
486786.750 3289746.200 450.930
486787.080 3289747.240 450.900
486787.290 3289747.760 450.940
486787.460 3289748.050 450.960
486787.710 3289749.470 450.980
486787.890 3289749.860 450.980
486788.010 3289750.540 451.010
486789.010 3289752.490 451.070
486789.030 3289752.610 451.070
486788.740 3289753.990 451.120
486789.060 3289755.410 451.150
486789.130 3289755.990 451.160
486789.580 3289757.370 451.230
486789.830 3289757.690 451.160
486790.250 3289759.590 451.280
486790.770 3289761.110 451.270
486790.920 3289761.660 451.240
486790.620 3289762.230 451.320
486790.490 3289762.740 451.380
486790.600 3289764.480 451.380
486790.810 3289764.830 451.370
486791.020 3289765.770 451.430
486791.450 3289766.510 451.440
486791.390 3289767.930 451.490
486791.830 3289769.630 451.530
486792.070 3289769.930 451.520
486792.210 3289770.120 451.540
486792.360 3289770.490 451.530
486792.500 3289771.400 451.550
486792.810 3289772.050 451.550
486792.790 3289772.560 451.600
486792.860 3289773.050 451.610
486793.000 3289773.860 451.620
486793.720 3289775.180 451.670
486794.190 3289776.660 451.620
486794.620 3289777.270 451.630
486794.590 3289777.540 451.630
486794.890 3289778.900 451.730
486795.120 3289779.620 451.750
486795.130 3289779.890 451.750
486795.270 3289780.970 451.690
486795.260 3289781.430 451.720
486795.290 3289782.010 451.760
486795.650 3289783.050 451.850
486796.060 3289784.770 451.870
486796.200 3289785.110 451.890
486795.940 3289786.470 451.930
486796.010 3289786.830 451.920
486796.060 3289787.030 451.950
486796.040 3289787.860 451.960
486796.140 3289788.330 451.970
486796.270 3289788.790 451.970
486797.240 3289790.140 452.080
486797.030 3289790.790 452.060
486797.050 3289792.000 452.070
486797.290 3289792.540 452.070
486797.440 3289793.040 452.080
486797.610 3289793.430 452.100
486798.790 3289794.700 452.120
486798.330 3289796.870 452.160
486799.540 3289798.270 452.210
486799.730 3289799.430 452.190
486800.620 3289800.820 452.140
486800.220 3289801.920 452.180
486800.570 3289803.410 452.230
486799.240 3289805.000 452.370
486799.160 3289805.500 452.390
486799.100 3289806.140 452.410
486801.140 3289808.350 452.430
486800.580 3289809.480 452.450
486800.660 3289811.260 452.520
486801.350 3289813.350 452.550
486801.950 3289813.920 452.570
486802.120 3289815.210 452.550
486802.320 3289815.690 452.610
486802.210 3289816.740 452.630
486802.000 3289817.880 452.650
486802.120 3289818.670 452.680
486802.820 3289820.500 452.700
486804.350 3289821.700 452.730
486804.490 3289822.510 452.750
486804.960 3289824.200 452.750
486805.140 3289824.940 452.770
486805.210 3289825.090 452.810
486805.720 3289826.060 452.820
486806.150 3289827.680 452.870
486806.300 3289829.500 452.890
486806.470 3289829.950 452.860
486806.860 3289830.630 452.920
486807.310 3289832.760 452.960
486807.580 3289833.610 452.970
486807.780 3289834.110 452.970
486807.740 3289834.390 452.990
486807.740 3289835.590 453.000
486807.810 3289836.130 453.030
486808.030 3289836.730 453.030
486808.650 3289837.780 453.070
486808.580 3289838.940 453.090
486808.950 3289840.690 453.100
486809.110 3289841.140 453.120
486809.190 3289841.720 453.120
486809.500 3289842.570 453.150
486809.560 3289842.890 453.120
486809.790 3289843.720 453.160
486810.550 3289845.050 453.170
486810.390 3289846.130 453.190
486810.440 3289846.430 453.190
486810.730 3289847.650 453.210
486810.900 3289848.090 453.200
486811.880 3289849.390 453.300
486811.930 3289849.660 453.230
486812.280 3289851.100 453.330
486812.410 3289852.850 453.330
486812.270 3289853.930 453.320
486812.390 3289854.490 453.320
486812.480 3289854.970 453.350
486812.700 3289855.610 453.350
486812.980 3289856.470 453.350
486813.420 3289857.090 453.420
486813.870 3289858.620 453.380
486813.960 3289859.020 453.370
486814.120 3289859.670 453.460
486814.000 3289860.860 453.470
486813.980 3289861.670 453.470
486814.910 3289864.540 453.530
486815.760 3289865.280 453.510
486815.970 3289867.050 453.510
486816.620 3289868.480 453.550
486816.630 3289868.890 453.580
486816.890 3289870.470 453.550
486817.360 3289872.000 453.650
486817.610 3289872.990 453.640
486817.730 3289874.670 453.680
486817.760 3289875.240 453.690
486818.040 3289876.300 453.690
486818.310 3289876.930 453.710
486818.220 3289877.400 453.690
486818.310 3289878.380 453.730
486819.340 3289879.770 453.810
486819.660 3289881.030 453.750
486819.620 3289882.470 453.750
486819.950 3289883.410 453.770
486820.520 3289884.180 453.770
486820.550 3289885.340 453.810
486820.620 3289885.820 453.790
486820.690 3289886.180 453.810
486820.750 3289886.560 453.840
486820.980 3289887.170 453.840
486821.060 3289887.870 453.830
486821.280 3289888.440 453.830
486821.420 3289888.950 453.820
486821.510 3289889.370 453.850
486821.570 3289889.630 453.830
486822.810 3289891.600 453.890
486823.020 3289892.060 453.890
486823.120 3289892.610 453.840
486822.960 3289893.260 453.930
486823.100 3289894.840 453.910
486823.930 3289896.400 453.960
486824.480 3289897.320 453.870
486824.540 3289897.750 453.880
486824.580 3289897.940 453.880
486824.600 3289898.120 453.880
486824.560 3289898.650 453.890
486824.920 3289900.260 454.020
486825.870 3289901.990 453.930
486825.900 3289902.410 453.960
486825.960 3289902.790 453.970
486826.110 3289903.290 454.040
486825.870 3289903.880 454.080
486825.870 3289904.970 454.040
486825.920 3289905.280 454.040
486825.960 3289905.650 454.050
486827.020 3289907.170 454.070
486827.480 3289909.320 454.060
486827.980 3289910.540 454.110
486828.070 3289910.880 454.120
486828.100 3289912.380 454.100
486828.890 3289913.540 454.100
486828.580 3289914.130 454.130
486828.690 3289915.990 454.200
486829.080 3289917.000 454.190
486829.430 3289917.680 454.190
486830.340 3289918.430 454.230
486830.420 3289918.520 454.260
486830.740 3289918.970 454.200
486830.690 3289920.450 454.260
486830.710 3289921.680 454.270
486830.980 3289922.730 454.260
486831.210 3289923.210 454.260
486831.270 3289923.950 454.300
486831.470 3289924.740 454.300
486832.730 3289926.250 454.320
486832.600 3289927.090 454.350
486832.650 3289928.470 454.340
486833.530 3289929.690 454.270
486833.580 3289930.500 454.420
486833.750 3289931.780 454.390
486834.750 3289933.880 454.400
486835.650 3289935.690 454.420
486835.850 3289937.730 454.420
486836.450 3289938.650 454.350
486836.570 3289939.330 454.360
486836.460 3289940.140 454.410
486836.890 3289941.610 454.500
486836.880 3289942.990 454.460
486837.680 3289944.470 454.560
486838.100 3289945.370 454.500
486838.110 3289946.970 454.510
486838.890 3289948.010 454.540
486839.200 3289949.030 454.560
486839.870 3289950.220 454.540
486840.050 3289952.040 454.570
486840.380 3289952.870 454.560
486841.080 3289954.220 454.550
486841.120 3289955.180 454.480
486841.830 3289957.550 454.540
486842.570 3289957.970 454.530
486844.250 3289959.660 454.550
486843.490 3289961.930 454.630
486843.850 3289963.090 454.570
486843.890 3289963.280 454.690
486844.510 3289964.890 454.680
486845.190 3289967.780 454.700
486845.450 3289968.380 454.750
486844.940 3289969.040 454.690
486844.670 3289969.720 454.720
486844.620 3289970.390 454.700
486844.730 3289971.670 454.730
486844.700 3289973.300 454.760
486845.100 3289974.130 454.740
486846.180 3289974.990 454.760
486846.700 3289975.290 454.780
486846.990 3289975.810 454.750
486847.500 3289976.830 454.800
486847.380 3289977.100 454.770
486847.630 3289979.460 454.790
486847.620 3289980.800 454.780
486847.560 3289982.390 454.830
486848.580 3289984.130 454.820
486848.680 3289984.640 454.820
486848.570 3289986.170 454.810
486848.890 3289987.420 454.850
486850.430 3289988.550 454.840
486849.780 3289990.300 454.880
486850.450 3289992.180 454.860
486851.820 3289992.830 454.840
486852.910 3289994.920 454.870
486853.350 3289995.530 454.870
486853.810 3289996.970 454.890
486853.970 3289998.060 454.880
486854.390 3289998.880 454.890
486854.630 3289999.690 454.910
486854.940 3290000.220 454.900
486855.210 3290001.130 454.890
486855.370 3290001.480 454.910
486856.050 3290002.810 454.910
486856.150 3290003.890 454.880
486856.370 3290004.470 454.910
486857.300 3290006.240 454.940
486857.480 3290006.480 454.940
486857.610 3290006.880 454.830
486857.510 3290007.230 454.910
486857.580 3290008.530 454.970
486858.470 3290009.790 454.910
486858.620 3290011.480 454.900
486858.610 3290012.010 454.890
486859.060 3290013.470 454.940
486859.340 3290014.690 454.920
486859.670 3290015.320 454.920
486860.100 3290016.390 454.930
486860.420 3290017.240 454.940
486860.580 3290017.880 454.930
486860.630 3290018.620 454.970
486861.330 3290019.950 454.940
486861.770 3290021.220 454.950
486862.120 3290022.030 454.980
486862.300 3290023.060 454.960
486862.530 3290023.580 454.950
486862.710 3290024.370 454.950
486862.820 3290024.780 454.950
486863.090 3290025.540 454.950
486863.340 3290026.450 454.960
486863.440 3290026.680 454.960
486863.520 3290026.950 454.950
486864.100 3290027.890 454.970
486864.200 3290028.270 454.960
486864.990 3290029.620 454.940
486865.480 3290032.230 455.000
486865.400 3290035.270 454.970
486866.740 3290036.590 454.990
486867.180 3290036.930 454.960
486867.250 3290037.490 454.970
486866.900 3290039.100 454.990
486866.990 3290039.460 454.980
486867.420 3290040.220 454.990
486867.790 3290040.710 455.000
486867.960 3290042.380 454.980
486868.310 3290042.870 454.990
486868.960 3290043.440 454.990
486869.280 3290043.600 454.970
486869.800 3290044.780 454.930
486871.000 3290046.160 454.850
486871.080 3290046.550 454.860
486871.030 3290048.200 454.960
486871.070 3290048.320 454.950
486871.450 3290049.430 454.970
486871.940 3290050.690 454.930
486871.680 3290051.470 454.940
486871.650 3290051.710 454.970
486871.990 3290053.910 454.970
486872.060 3290054.210 454.950
486872.060 3290054.630 454.970
486872.110 3290054.960 454.980
486872.390 3290056.400 454.980
486873.320 3290058.050 454.990
486873.990 3290059.260 454.920
486874.670 3290061.030 454.980
486875.520 3290061.830 454.950
486875.570 3290062.030 454.950
486875.620 3290062.220 454.940
486875.480 3290063.740 455.000
486876.070 3290065.390 454.980
486877.070 3290066.610 454.950
486877.570 3290066.910 454.940
486877.700 3290067.080 454.920
486878.010 3290068.420 454.970
486878.120 3290068.860 454.960
486878.350 3290069.330 454.930
486878.680 3290070.040 454.930
486879.240 3290070.800 454.970
486879.550 3290072.710 454.910
486879.720 3290073.000 454.910
486879.790 3290073.580 454.930
486879.840 3290073.850 454.920
486879.920 3290074.330 454.930
486880.170 3290075.050 454.920
486880.560 3290075.720 454.910
486880.650 3290076.180 454.920
486881.060 3290077.010 454.930
486881.560 3290078.360 454.900
486881.860 3290079.010 454.910
486882.070 3290079.700 454.910
486882.300 3290080.430 454.930
486883.040 3290081.390 454.920
486884.340 3290083.570 454.890
486884.310 3290086.600 454.890
486886.000 3290089.070 454.850
486886.330 3290091.360 454.840
486887.480 3290092.320 454.890
486887.560 3290095.300 454.800
486887.710 3290096.010 454.810
486887.910 3290096.450 454.830
486888.780 3290097.320 454.830
486888.910 3290098.150 454.830
486888.880 3290098.370 454.820
486888.750 3290098.790 454.820
486889.230 3290101.330 454.830
486889.760 3290103.530 454.810
486890.230 3290104.050 454.820
486890.460 3290105.200 454.770
486891.790 3290107.350 454.770
486891.830 3290107.460 454.800
486891.930 3290107.700 454.800
486892.130 3290108.350 454.800
486892.180 3290108.740 454.800
486892.520 3290109.630 454.760
486893.380 3290110.980 454.750
486894.210 3290112.500 454.810
486894.420 3290113.350 454.760
486895.600 3290115.580 454.820
486895.930 3290116.090 454.730
486896.580 3290118.070 454.670
486896.600 3290119.070 454.720
486896.940 3290120.010 454.700
486897.680 3290121.870 454.700
486897.890 3290122.540 454.690
486898.080 3290122.920 454.690
486898.350 3290125.360 454.680
486899.060 3290125.990 454.690
486900.230 3290126.930 454.650
486900.720 3290129.070 454.710
486900.900 3290130.650 454.630
486901.040 3290130.890 454.620
486901.180 3290131.180 454.630
486901.410 3290132.030 454.620
486901.650 3290132.680 454.610
486902.870 3290134.200 454.590
486902.990 3290134.510 454.590
486903.210 3290136.240 454.630
486903.930 3290137.350 454.550
486904.050 3290137.550 454.600
486903.940 3290138.500 454.570
486904.690 3290139.980 454.590
486904.950 3290140.440 454.530
486905.360 3290141.130 454.530
486905.920 3290141.960 454.530
486905.970 3290143.310 454.490
486907.050 3290145.030 454.470
486907.500 3290145.900 454.500
486907.680 3290147.820 454.480
486908.200 3290148.850 454.440
486908.510 3290149.810 454.410
486908.920 3290150.600 454.450
486909.710 3290152.850 454.410
486909.780 3290153.390 454.400
486910.130 3290154.190 454.410
486910.570 3290154.990 454.410
486910.700 3290155.550 454.400
486910.820 3290156.100 454.420
486911.480 3290159.660 454.360
486911.860 3290159.940 454.400
486912.660 3290160.760 454.380
486912.670 3290161.000 454.350
486912.770 3290161.660 454.340
486912.410 3290163.320 454.340
486912.610 3290164.200 454.340
486912.640 3290164.670 454.340
486912.640 3290164.980 454.330
486914.040 3290167.490 454.270
486914.650 3290167.680 454.280
486914.870 3290169.180 454.270
486914.640 3290169.730 454.270
486914.560 3290171.030 454.260
486915.700 3290173.510 454.240
486915.810 3290175.250 454.180
486917.680 3290177.460 454.130
486918.010 3290179.250 454.160
486918.540 3290180.050 454.120
486919.200 3290180.740 454.100
486920.190 3290181.640 454.060
486921.210 3290183.820 454.010
486921.520 3290184.790 454.030
486923.160 3290187.600 453.960
486924.610 3290189.310 453.950
486925.700 3290189.960 453.850
486925.990 3290191.230 453.840
486926.480 3290192.290 453.870
486925.590 3290194.690 453.950
486926.020 3290195.950 453.880
486926.220 3290196.210 453.890
486926.380 3290196.440 453.880
486927.370 3290198.280 453.850
486927.200 3290201.470 453.820
486927.220 3290201.620 453.830
486927.410 3290202.740 453.850
486927.510 3290202.970 453.820
486927.570 3290203.180 453.820
486927.710 3290203.780 453.790
486929.470 3290205.450 453.760
486929.490 3290205.490 453.770
486931.460 3290207.760 453.700
486932.260 3290207.980 453.700
486932.940 3290208.020 453.680
486934.030 3290210.870 453.580
486935.000 3290212.570 453.590
486935.480 3290213.810 453.490
486935.430 3290214.360 453.530
486935.320 3290215.270 453.570
486936.780 3290217.470 453.620
486937.150 3290218.340 453.450
486938.110 3290219.480 453.470
486938.610 3290221.420 453.400
486938.620 3290221.790 453.390
486938.710 3290222.900 453.420
486938.980 3290223.440 453.420
486939.970 3290224.810 453.340
486940.020 3290225.200 453.390
486940.660 3290226.460 453.390
486940.710 3290226.610 453.390
486941.990 3290228.420 453.240
486942.190 3290228.920 453.260
486942.300 3290229.230 453.260
486942.850 3290230.110 453.210
486943.110 3290231.730 453.210
486943.120 3290231.970 453.210
486943.560 3290233.280 453.270
486943.890 3290233.760 453.190
486944.300 3290234.340 453.160
486944.630 3290234.770 453.160
486944.600 3290235.410 453.160
486944.610 3290235.720 453.160
486945.310 3290237.920 453.150
486946.770 3290239.240 453.050
486947.550 3290240.890 453.020
486947.710 3290241.530 453.070
486948.310 3290243.770 452.990
486949.070 3290245.170 453.020
486950.100 3290246.670 452.910
486950.130 3290247.020 452.920
486950.290 3290247.710 452.910
486950.520 3290248.160 452.900
486950.970 3290249.700 452.920
486951.080 3290250.010 452.900
486951.950 3290251.050 452.830
486952.220 3290251.990 452.820
486952.350 3290252.300 452.800
486952.920 3290253.140 452.750
486953.140 3290253.450 452.760
486953.480 3290254.480 452.730
486953.550 3290254.760 452.760
486953.430 3290255.330 452.790
486953.790 3290256.830 452.780
486954.720 3290257.790 452.700
486954.900 3290258.130 452.700
486955.310 3290258.700 452.680
486955.570 3290259.330 452.690
486955.780 3290259.710 452.670
486956.670 3290261.880 452.610
486957.050 3290262.230 452.570
486957.220 3290262.460 452.560
486957.480 3290262.970 452.550
486957.380 3290264.760 452.620
486957.620 3290265.260 452.610
486957.700 3290265.390 452.610
486958.780 3290266.270 452.530
486958.940 3290266.570 452.520
486959.330 3290267.310 452.600
486959.340 3290267.480 452.590
486960.130 3290269.290 452.440
486959.760 3290272.520 452.480
486961.340 3290273.470 452.460
486962.290 3290274.090 452.360
486962.460 3290275.720 452.400
486963.280 3290276.790 452.290
486963.430 3290277.050 452.270
486963.510 3290277.260 452.300
486963.480 3290278.140 452.310
486963.510 3290278.330 452.310
486964.690 3290279.990 452.270
486965.390 3290281.120 452.150
486965.560 3290281.330 452.170
486966.120 3290282.030 452.200
486966.310 3290282.420 452.220
486966.600 3290283.100 452.120
486966.780 3290283.360 452.100
486967.810 3290286.540 452.040
486968.230 3290289.120 452.090
486969.020 3290289.800 452.000
486969.440 3290290.020 452.050
486969.430 3290290.850 452.000
486970.060 3290292.170 451.980
486970.650 3290293.340 451.940
486970.700 3290293.580 451.940
486970.490 3290294.260 451.930
486971.610 3290296.900 451.830
486972.250 3290297.180 451.840
486972.850 3290297.500 451.780
486973.200 3290297.860 451.750
486972.940 3290298.420 451.830
486973.780 3290301.010 451.740
486975.170 3290301.540 451.610
486975.320 3290301.830 451.600
486976.390 3290303.400 451.540
486976.450 3290304.790 451.560
486976.810 3290306.540 451.560
486977.800 3290307.440 451.500
486978.190 3290309.220 451.440
486979.120 3290310.480 451.520
486980.080 3290312.410 451.360
486980.350 3290312.740 451.340
486980.600 3290314.090 451.310
486981.300 3290316.120 451.290
486981.430 3290316.510 451.250
486981.510 3290316.840 451.250
486981.430 3290317.280 451.260
486981.420 3290317.650 451.250
486982.030 3290320.180 451.230
486983.540 3290321.360 451.180
486985.100 3290321.970 451.150
486985.690 3290325.070 451.050
486986.980 3290326.070 450.990
486987.550 3290326.520 450.900
486987.300 3290326.920 450.960
486987.050 3290328.000 451.030
486987.980 3290329.790 450.960
486987.940 3290330.160 450.980
486988.080 3290331.180 450.960
486988.110 3290332.380 450.880
486989.400 3290334.000 450.840
486990.980 3290334.730 450.740
486991.090 3290334.960 450.720
486991.280 3290335.300 450.730
486991.440 3290335.660 450.710
486992.030 3290338.160 450.710
486992.270 3290338.600 450.720
486992.660 3290339.160 450.680
486993.330 3290339.650 450.660
486993.430 3290339.760 450.640
486993.440 3290340.110 450.670
486269.760 3287123.960 403.850
486269.860 3287124.450 403.820
486269.910 3287125.980 403.830
486269.450 3287127.910 403.830
486269.480 3287128.540 403.890
486269.430 3287128.960 403.840
486269.420 3287129.270 403.860
486269.430 3287129.580 403.830
486269.500 3287130.410 403.830
486269.660 3287131.200 403.910
486269.970 3287131.980 403.890
486270.040 3287133.110 403.860
486270.040 3287134.280 403.870
486269.840 3287135.900 403.930
486269.790 3287136.940 403.910
486269.850 3287137.640 403.890
486269.650 3287139.060 403.890
486269.650 3287139.130 403.930
486269.580 3287139.520 403.870
486270.130 3287141.310 403.890
486270.490 3287142.630 403.910
486270.360 3287143.220 403.940
486270.550 3287144.760 403.940
486271.070 3287146.840 403.940
486270.810 3287150.210 403.990
486269.870 3287152.310 403.980
486269.780 3287152.990 403.970
486269.720 3287153.710 403.960
486269.850 3287154.630 404.000
486269.830 3287155.700 404.000
486269.860 3287155.970 404.040
486269.840 3287156.360 403.990
486269.690 3287156.880 404.000
486269.400 3287157.960 404.020
486269.480 3287159.120 404.010
486269.570 3287159.570 404.010
486269.970 3287160.870 404.040
486269.920 3287161.080 404.030
486269.600 3287162.140 404.000
486270.000 3287163.600 404.050
486270.070 3287163.920 404.080
486270.060 3287164.190 404.070
486270.140 3287166.210 404.090
486270.170 3287166.330 404.090
486269.660 3287167.690 404.060
486269.710 3287168.290 404.030
486270.190 3287169.290 404.090
486270.190 3287169.480 404.080
486270.100 3287170.510 404.070
486270.160 3287170.840 404.090
486270.200 3287171.190 404.130
486270.070 3287172.330 404.080
486270.150 3287172.690 404.090
486270.220 3287173.220 404.100
486270.220 3287174.390 404.100
486270.290 3287175.640 404.130
486270.190 3287176.400 404.100
486270.240 3287177.510 404.100
486270.280 3287177.680 404.130
486270.350 3287178.630 404.160
486270.310 3287179.330 404.140
486270.350 3287180.010 404.130
486270.350 3287180.570 404.140
486270.410 3287180.930 404.160
486270.300 3287181.630 404.120
486270.220 3287182.240 404.100
486270.300 3287183.090 404.110
486270.320 3287183.840 404.130
486270.350 3287184.230 404.130
486270.240 3287184.530 404.120
486270.190 3287185.890 404.100
486270.310 3287186.640 404.140
486270.290 3287187.410 404.130
486270.250 3287188.090 404.160
486270.350 3287189.200 404.140
486270.380 3287189.970 404.160
486270.290 3287190.640 404.130
486270.290 3287191.270 404.160
486270.270 3287192.300 404.160
486270.430 3287192.780 404.160
486270.280 3287193.340 404.170
486270.380 3287194.510 404.180
486270.450 3287194.820 404.180
486270.530 3287195.450 404.180
486270.510 3287195.710 404.170
486270.470 3287196.790 404.180
486270.510 3287197.070 404.190
486270.460 3287197.340 404.180
486270.300 3287198.650 404.160
486270.500 3287199.930 404.210
486270.540 3287200.490 404.190
486270.570 3287200.860 404.170
486270.560 3287201.590 404.190
486270.740 3287202.350 404.200
486270.890 3287202.640 404.210
486270.890 3287202.780 404.260
486270.960 3287203.460 404.270
486270.870 3287205.270 404.270
486270.970 3287206.260 404.290
486270.770 3287206.840 404.210
486270.850 3287208.250 404.230
486271.080 3287208.810 404.310
486271.680 3287211.440 404.300
486271.690 3287213.040 404.280
486272.200 3287213.890 404.340
486271.870 3287216.550 404.310
486271.570 3287217.770 404.360
486271.830 3287219.130 404.330
486271.730 3287220.290 404.320
486271.220 3287221.370 404.320
486271.110 3287222.010 404.310
486271.760 3287223.980 404.390
486271.860 3287224.080 404.420
486271.450 3287226.890 404.350
486272.370 3287228.170 404.410
486272.430 3287229.590 404.420
486272.090 3287231.900 404.490
486272.240 3287232.760 404.480
486271.590 3287234.660 404.420
486271.800 3287235.610 404.450
486271.860 3287237.890 404.500
486271.570 3287239.230 404.450
486272.160 3287240.610 404.480
486272.480 3287242.550 404.540
486272.400 3287244.630 404.530
486272.340 3287245.840 404.540
486272.150 3287248.000 404.500
486272.360 3287248.460 404.510
486272.440 3287249.430 404.580
486272.370 3287251.390 404.510
486272.600 3287252.740 404.520
486273.360 3287254.100 404.520
486272.480 3287255.700 404.540
486272.800 3287257.490 404.590
486273.650 3287258.300 404.580
486273.650 3287260.690 404.600
486273.640 3287262.970 404.620
486273.180 3287264.050 404.630
486273.480 3287265.830 404.610
486273.230 3287266.560 404.690
486273.240 3287269.050 404.670
486273.870 3287269.820 404.670
486273.600 3287272.110 404.680
486273.510 3287273.060 404.670
486273.570 3287273.620 404.710
486273.560 3287274.120 404.730
486273.860 3287275.070 404.720
486273.730 3287276.060 404.700
486273.570 3287276.780 404.700
486273.590 3287277.470 404.690
486273.800 3287278.290 404.770
486273.900 3287278.830 404.770
486273.940 3287280.080 404.750
486273.730 3287280.740 404.710
486273.860 3287282.320 404.800
486274.040 3287283.780 404.790
486273.960 3287284.190 404.780
486274.640 3287286.560 404.760
486274.380 3287288.500 404.780
486274.700 3287289.980 404.790
486275.050 3287291.460 404.840
486274.470 3287293.640 404.840
486274.500 3287294.610 404.820
486274.800 3287295.930 404.850
486274.490 3287297.440 404.820
486274.660 3287298.070 404.810
486274.800 3287299.470 404.830
486275.220 3287300.430 404.830
486274.870 3287301.410 404.840
486275.050 3287302.960 404.810
486275.340 3287304.060 404.870
486275.210 3287305.380 404.920
486275.230 3287306.850 404.950
486275.290 3287308.310 404.940
486275.220 3287308.730 404.960
486275.360 3287309.880 404.900
486275.380 3287310.280 404.910
486275.540 3287311.260 404.930
486275.510 3287312.090 404.920
486275.570 3287312.700 404.900
486275.830 3287313.920 404.950
486276.140 3287315.530 404.970
486275.750 3287316.720 404.960
486275.750 3287317.230 404.950
486275.860 3287318.030 404.960
486276.130 3287319.290 405.010
486276.570 3287319.940 404.950
486276.130 3287321.530 404.980
486276.430 3287322.550 405.000
486276.300 3287322.900 405.010
486276.170 3287324.400 404.980
486276.390 3287324.950 404.990
486276.610 3287325.760 405.040
486276.600 3287326.540 405.000
486277.010 3287327.670 405.000
486277.120 3287328.290 405.010
486277.070 3287328.720 404.950
486277.030 3287329.140 404.960
486276.800 3287331.270 405.130
486277.040 3287332.130 405.080
486277.120 3287332.750 405.120
486277.060 3287333.170 405.070
486277.290 3287335.240 405.100
486277.680 3287336.840 405.110
486277.870 3287338.350 405.170
486278.390 3287340.040 405.140
486278.310 3287343.160 405.200
486277.900 3287344.120 405.180
486277.750 3287345.930 405.170
486278.050 3287346.640 405.160
486278.240 3287347.450 405.220
486278.270 3287348.290 405.210
486278.180 3287349.440 405.180
486278.220 3287349.840 405.190
486278.270 3287350.490 405.210
486278.350 3287351.620 405.250
486278.350 3287352.010 405.200
486278.510 3287352.870 405.150
486278.590 3287353.380 405.110
486278.980 3287355.840 405.280
486279.810 3287357.700 405.270
486280.070 3287360.290 405.300
486279.080 3287362.310 405.320
486279.200 3287363.850 405.270
486279.930 3287365.540 405.310
486279.660 3287366.220 405.300
486279.340 3287367.290 405.300
486279.340 3287367.590 405.300
486279.210 3287368.340 405.300
486279.460 3287370.070 405.280
486280.000 3287371.390 405.330
486279.970 3287371.900 405.290
486279.880 3287372.390 405.290
486279.940 3287373.610 405.300
486280.210 3287374.750 405.310
486280.840 3287375.630 405.360
486280.430 3287376.280 405.320
486280.270 3287376.890 405.300
486280.360 3287377.980 405.330
486280.550 3287378.490 405.360
486280.650 3287378.810 405.360
486280.470 3287379.670 405.360
486280.590 3287380.810 405.400
486280.730 3287381.330 405.350
486281.520 3287382.640 405.380
486281.540 3287383.140 405.400
486281.390 3287383.760 405.390
486281.610 3287385.050 405.310
486281.500 3287385.650 405.320
486281.910 3287387.360 405.390
486281.480 3287389.150 405.420
486281.540 3287389.600 405.410
486281.720 3287390.120 405.410
486281.590 3287390.850 405.440
486281.930 3287392.170 405.480
486281.940 3287392.940 405.500
486281.950 3287393.770 405.490
486282.330 3287395.070 405.520
486282.450 3287395.460 405.470
486282.260 3287395.800 405.490
486282.250 3287397.900 405.510
486282.720 3287399.020 405.510
486283.020 3287399.790 405.510
486282.990 3287400.280 405.450
486283.100 3287401.140 405.530
486283.050 3287401.700 405.500
486282.980 3287402.180 405.570
486283.070 3287404.100 405.590
486283.100 3287404.950 405.560
486283.050 3287405.720 405.650
486284.510 3287407.770 405.650
486284.320 3287408.850 405.640
486284.010 3287410.420 405.640
486284.120 3287411.760 405.650
486283.830 3287413.360 405.670
486284.320 3287414.890 405.660
486284.240 3287415.780 405.660
486284.110 3287416.090 405.670
486284.440 3287418.170 405.670
486284.720 3287418.620 405.710
486284.870 3287419.160 405.700
486284.510 3287420.080 405.710
486284.470 3287420.670 405.690
486284.510 3287421.390 405.690
486284.580 3287421.930 405.710
486284.650 3287422.730 405.700
486284.880 3287423.510 405.720
486284.930 3287424.920 405.720
486285.530 3287426.270 405.760
486285.390 3287426.640 405.770
486285.300 3287427.490 405.750
486285.720 3287428.680 405.650
486286.020 3287429.220 405.630
486286.030 3287431.170 405.790
486286.090 3287432.200 405.690
486286.100 3287432.740 405.810
486285.900 3287433.790 405.820
486285.950 3287435.190 405.840
486286.240 3287436.070 405.820
486287.370 3287437.210 405.830
486287.380 3287438.260 405.830
486287.300 3287438.630 405.860
486287.090 3287440.420 405.900
486286.980 3287441.440 405.850
486286.840 3287442.070 405.860
486286.780 3287442.420 405.880
486286.860 3287443.830 405.900
486286.780 3287444.030 405.900
486286.700 3287444.320 405.900
486286.850 3287445.890 405.890
486286.870 3287446.290 405.940
486287.120 3287447.580 405.950
486287.600 3287448.600 405.960
486288.370 3287449.680 405.940
486288.380 3287450.140 405.940
486288.100 3287452.130 405.960
486287.990 3287452.980 405.940
486288.090 3287453.590 405.940
486288.610 3287455.120 405.950
486288.410 3287455.620 406.000
486288.290 3287456.330 405.960
486288.450 3287457.700 405.980
486288.420 3287458.880 406.040
486288.610 3287459.640 406.000
486288.800 3287460.020 406.020
486288.770 3287460.240 406.070
486288.930 3287461.720 405.990
486289.210 3287462.790 406.030
486289.730 3287465.010 406.060
486289.860 3287465.880 406.070
486289.790 3287466.170 406.110
486289.590 3287467.510 406.090
486289.630 3287468.130 406.090
486289.600 3287468.520 406.060
486289.660 3287469.210 406.070
486289.730 3287469.770 406.060
486289.750 3287470.030 406.070
486289.990 3287471.220 406.140
486289.970 3287471.680 406.150
486289.920 3287472.850 406.130
486290.090 3287474.010 406.130
486290.220 3287474.340 406.140
486291.040 3287476.410 406.150
486290.810 3287477.640 406.150
486291.170 3287479.810 406.210
486291.240 3287482.040 406.240
486291.240 3287483.190 406.220
486291.240 3287483.500 406.210
486291.240 3287484.410 406.190
486291.460 3287485.470 406.210
486291.590 3287485.770 406.220
486291.930 3287487.600 406.290
486292.090 3287489.040 406.230
486292.190 3287489.420 406.260
486292.270 3287490.390 406.240
486292.410 3287491.650 406.250
486292.690 3287492.720 406.310
486292.600 3287493.060 406.250
486292.540 3287494.140 406.320
486292.690 3287495.070 406.290
486292.920 3287495.600 406.290
486293.410 3287496.390 406.320
486293.520 3287497.060 406.340
486293.520 3287497.580 406.360
486293.410 3287499.550 406.350
486293.800 3287500.680 406.360
486293.400 3287502.350 406.360
486293.600 3287503.440 406.350
486293.770 3287504.200 406.360
486293.980 3287504.860 406.430
486293.940 3287505.250 406.360
486294.430 3287507.200 406.430
486294.680 3287508.150 406.460
486294.870 3287508.480 406.430
486295.100 3287509.040 406.410
486295.000 3287511.050 406.410
486294.970 3287511.330 406.450
486295.070 3287512.690 406.420
486295.670 3287514.420 406.450
486296.030 3287515.160 406.420
486295.950 3287515.390 406.470
486295.950 3287517.260 406.420
486296.330 3287518.240 406.430
486296.510 3287519.390 406.530
486296.100 3287521.320 406.490
486296.220 3287521.950 406.490
486296.500 3287523.040 406.540
486296.650 3287523.830 406.490
486296.650 3287524.240 406.530
486296.850 3287525.570 406.550
486297.700 3287527.350 406.600
486297.970 3287529.000 406.600
486297.930 3287529.280 406.630
486297.890 3287530.240 406.600
486297.910 3287530.470 406.610
486297.780 3287530.830 406.610
486297.610 3287532.910 406.670
486297.830 3287533.480 406.610
486297.920 3287534.730 406.620
486298.040 3287535.360 406.610
486298.300 3287536.270 406.630
486298.300 3287537.540 406.640
486299.210 3287540.860 406.730
486299.350 3287541.300 406.740
486299.190 3287543.060 406.760
486299.740 3287544.080 406.690
486299.600 3287545.370 406.680
486299.640 3287545.670 406.700
486299.770 3287546.180 406.740
486299.700 3287547.060 406.740
486300.000 3287548.640 406.750
486300.120 3287549.140 406.740
486300.010 3287549.950 406.750
486300.070 3287551.340 406.780
486300.370 3287552.270 406.770
486300.470 3287552.530 406.780
486300.570 3287553.070 406.780
486300.600 3287553.400 406.780
486300.600 3287553.690 406.780
486300.750 3287554.430 406.790
486300.820 3287555.040 406.800
486301.070 3287555.650 406.800
486301.010 3287556.870 406.820
486301.010 3287557.530 406.830
486301.070 3287557.940 406.810
486301.090 3287558.450 406.840
486301.200 3287559.000 406.840
486301.360 3287559.590 406.840
486301.760 3287560.330 406.840
486301.910 3287561.000 406.860
486301.920 3287561.470 406.880
486302.010 3287561.950 406.860
486302.060 3287562.610 406.860
486302.180 3287563.320 406.850
486302.310 3287563.930 406.870
486302.430 3287564.360 406.850
486302.550 3287564.760 406.830
486302.540 3287565.250 406.890
486302.490 3287565.670 406.900
486302.580 3287566.760 406.900
486302.860 3287567.540 406.910
486302.850 3287568.380 406.910
486302.940 3287568.750 406.930
486303.310 3287569.820 406.960
486303.530 3287571.080 406.940
486303.740 3287571.450 406.960
486303.700 3287572.960 406.990
486303.710 3287573.760 406.950
486303.840 3287574.740 406.960
486304.050 3287575.700 406.970
486304.210 3287576.600 406.990
486304.790 3287578.220 407.010
486304.730 3287579.880 407.060
486304.960 3287580.540 407.020
486305.030 3287581.930 407.040
486305.310 3287582.450 407.010
486305.330 3287582.960 407.010
486305.540 3287584.140 407.120
486306.120 3287585.950 407.070
486306.000 3287588.100 407.090
486306.070 3287589.490 407.100
486306.190 3287590.150 407.110
486306.490 3287590.970 407.110
486306.880 3287592.040 407.060
486307.020 3287593.010 407.070
486307.020 3287593.390 407.130
486307.080 3287594.040 407.150
486307.160 3287594.570 407.170
486307.170 3287595.550 407.150
486307.680 3287596.800 407.250
486307.620 3287597.840 407.180
486307.770 3287598.810 407.190
486307.880 3287599.760 407.210
486307.940 3287600.550 407.210
486308.360 3287601.820 407.290
486308.620 3287602.220 407.220
486308.660 3287603.880 407.300
486308.610 3287604.850 407.270
486308.790 3287605.450 407.250
486308.780 3287605.820 407.260
486308.870 3287606.710 407.280
486308.940 3287607.070 407.280
486309.270 3287608.010 407.300
486309.990 3287609.470 407.280
486309.980 3287609.920 407.280
486310.060 3287610.440 407.250
486310.110 3287611.280 407.280
486310.100 3287611.590 407.230
486310.070 3287611.820 407.300
486310.320 3287614.060 407.340
486310.330 3287614.370 407.400
486310.230 3287615.580 407.370
486310.300 3287616.130 407.360
486310.400 3287616.460 407.380
486310.640 3287617.010 407.370
486310.630 3287617.230 407.420
486311.110 3287619.110 407.400
486311.100 3287619.900 407.400
486311.350 3287620.780 407.450
486311.930 3287621.920 407.420
486311.780 3287623.440 407.430
486311.920 3287624.270 407.430
486312.570 3287625.660 407.440
486312.550 3287625.880 407.450
486312.340 3287627.030 407.470
486312.740 3287628.190 407.540
486312.790 3287629.430 407.470
486312.930 3287629.870 407.490
486312.890 3287630.390 407.490
486312.870 3287630.910 407.490
486313.320 3287632.090 407.520
486313.620 3287633.770 407.540
486314.300 3287635.420 407.480
486314.290 3287637.200 407.580
486314.230 3287637.900 407.570
486314.390 3287638.970 407.610
486314.540 3287639.420 407.610
486314.510 3287639.940 407.630
486314.760 3287641.090 407.650
486315.140 3287642.100 407.640
486315.110 3287642.750 407.650
486315.320 3287643.550 407.650
486315.710 3287644.210 407.640
486315.970 3287644.510 407.640
486315.900 3287644.880 407.670
486316.010 3287645.870 407.680
486316.080 3287646.720 407.640
486316.720 3287648.730 407.710
486316.900 3287649.090 407.710
486316.310 3287650.340 407.710
486316.390 3287651.300 407.730
486316.730 3287652.420 407.790
486317.070 3287653.230 407.810
486317.070 3287653.840 407.810
486317.620 3287655.220 407.770
486317.540 3287656.250 407.740
486317.600 3287656.740 407.780
486317.710 3287657.470 407.800
486317.900 3287658.770 407.800
486318.170 3287659.450 407.860
486318.750 3287660.760 407.810
486318.590 3287661.430 407.890
486318.620 3287662.780 407.840
486318.930 3287663.490 407.900
486319.070 3287663.990 407.790
486319.100 3287665.260 407.860
486319.250 3287665.790 407.880
486319.260 3287666.830 407.870
486319.740 3287667.840 407.880
486320.160 3287668.260 407.850
486320.390 3287669.780 407.940
486320.430 3287670.140 407.920
486320.280 3287671.110 407.900
486320.240 3287672.160 407.930
486320.400 3287672.670 407.920
486320.900 3287673.470 407.970
486320.950 3287674.030 407.950
486320.870 3287675.240 407.940
486321.030 3287675.800 407.960
486321.510 3287676.820 408.020
486321.920 3287677.400 407.950
486321.990 3287677.780 407.950
486321.970 3287679.750 407.950
486322.060 3287680.140 408.000
486322.140 3287680.460 408.030
486322.300 3287681.090 408.000
486322.980 3287683.650 408.090
486323.080 3287685.130 408.090
486323.090 3287685.520 408.120
486323.250 3287687.200 408.090
486323.440 3287687.700 408.090
486323.550 3287688.270 408.100
486323.710 3287688.810 408.110
486323.750 3287689.100 408.090
486323.670 3287690.310 408.130
486324.730 3287691.940 408.150
486324.960 3287692.490 408.190
486324.640 3287694.400 408.220
486324.870 3287695.400 408.170
486325.000 3287695.790 408.190
486325.060 3287696.100 408.180
486325.210 3287696.520 408.180
486325.110 3287697.060 408.210
486325.350 3287698.450 408.210
486325.580 3287698.860 408.210
486325.790 3287699.780 408.220
486326.400 3287701.100 408.160
486326.530 3287701.790 408.170
486326.970 3287703.670 408.260
486327.260 3287704.810 408.310
486327.130 3287705.920 408.330
486327.250 3287707.610 408.310
486327.430 3287708.410 408.300
486327.590 3287709.630 408.310
486328.020 3287711.510 408.340
486328.120 3287712.110 408.330
486328.150 3287712.730 408.360
486328.190 3287713.120 408.350
486328.250 3287713.500 408.360
486328.530 3287714.870 408.400
486329.060 3287716.650 408.390
486329.230 3287717.190 408.390
486329.610 3287717.950 408.330
486330.180 3287720.290 408.430
486330.120 3287721.110 408.440
486330.430 3287722.060 408.490
486330.740 3287722.910 408.480
486331.040 3287723.830 408.450
486330.860 3287725.150 408.490
486331.140 3287726.250 408.470
486331.710 3287727.610 408.520
486331.900 3287728.400 408.480
486332.210 3287729.280 408.490
486332.080 3287730.800 408.560
486332.230 3287731.580 408.560
486332.420 3287732.610 408.580
486332.470 3287733.250 408.570
486332.750 3287734.370 408.580
486332.870 3287735.160 408.590
486333.020 3287735.620 408.600
486333.230 3287737.050 408.620
486333.530 3287737.510 408.680
486334.010 3287739.110 408.640
486333.960 3287740.290 408.640
486334.220 3287741.220 408.650
486334.420 3287742.870 408.690
486334.620 3287744.250 408.690
486334.810 3287745.100 408.700
486335.050 3287745.570 408.720
486335.600 3287746.170 408.630
486335.750 3287747.610 408.720
486335.940 3287749.160 408.750
486336.010 3287750.420 408.770
486336.130 3287751.480 408.780
486336.310 3287751.990 408.790
486336.570 3287752.460 408.800
486336.580 3287753.290 408.800
486336.720 3287753.750 408.810
486336.830 3287754.010 408.820
486337.120 3287754.710 408.820
486337.130 3287755.590 408.830
486337.260 3287756.600 408.830
486337.450 3287757.000 408.850
486338.130 3287758.190 408.870
486338.030 3287758.850 408.870
486338.550 3287760.640 408.880
486338.590 3287762.100 408.900
486338.820 3287763.050 408.930
486338.820 3287763.330 408.920
486338.830 3287763.530 408.950
486339.550 3287765.270 408.960
486339.670 3287766.440 408.990
486339.840 3287767.760 408.960
486339.850 3287768.290 408.990
486340.060 3287769.040 408.980
486340.230 3287769.530 408.980
486340.740 3287770.870 408.990
486341.080 3287773.220 409.040
486341.040 3287773.730 409.040
486341.240 3287774.850 409.030
486341.540 3287776.180 409.060
486342.020 3287777.360 409.110
486342.190 3287778.500 409.080
486342.450 3287779.820 409.110
486342.790 3287780.860 409.100
486342.960 3287781.200 409.110
486342.970 3287781.590 409.090
486342.750 3287782.880 409.170
486343.090 3287784.010 409.140
486343.870 3287784.950 409.170
486344.420 3287785.290 409.110
486344.460 3287786.820 409.090
486344.940 3287788.310 409.180
486344.930 3287788.600 409.190
486344.740 3287789.580 409.180
486344.880 3287790.310 409.210
486345.230 3287791.500 409.220
486345.710 3287792.430 409.280
486346.050 3287794.760 409.340
486347.070 3287796.910 409.310
486347.530 3287799.610 409.380
486347.260 3287800.850 409.330
486347.300 3287801.870 409.360
486347.420 3287802.330 409.360
486347.510 3287802.830 409.370
486347.750 3287803.440 409.400
486348.140 3287804.330 409.360
486348.250 3287805.610 409.430
486348.650 3287807.200 409.460
486348.920 3287807.970 409.460
486348.840 3287808.720 409.450
486348.840 3287809.300 409.450
486348.960 3287809.900 409.430
486349.280 3287810.610 409.500
486349.260 3287810.720 409.480
486349.210 3287811.200 409.460
486349.180 3287811.940 409.470
486349.250 3287812.480 409.480
486349.610 3287813.430 409.490
486349.690 3287813.850 409.490
486350.000 3287815.050 409.510
486350.030 3287815.490 409.500
486350.100 3287815.940 409.510
486350.500 3287817.020 409.530
486350.530 3287817.810 409.550
486350.540 3287818.230 409.560
486351.400 3287819.840 409.550
486351.690 3287820.050 409.550
486351.900 3287820.680 409.610
486351.910 3287821.010 409.560
486353.340 3287823.260 409.620
486353.070 3287826.070 409.600
486353.480 3287827.140 409.630
486353.610 3287827.510 409.640
486353.580 3287827.630 409.610
486353.550 3287828.740 409.640
486353.650 3287829.430 409.660
486354.160 3287830.470 409.670
486354.260 3287830.800 409.670
486354.840 3287831.680 409.670
486355.080 3287832.970 409.700
486355.180 3287833.460 409.710
486355.190 3287834.770 409.740
486355.370 3287835.830 409.750
486355.670 3287836.770 409.770
486355.770 3287837.140 409.780
486356.160 3287838.680 409.780
486356.460 3287839.530 409.800
486357.070 3287840.500 409.790
486357.070 3287840.800 409.810
486357.070 3287841.000 409.810
486357.070 3287842.480 409.800
486357.540 3287843.260 409.800
486357.820 3287843.710 409.780
486357.920 3287844.070 409.830
486358.010 3287844.530 409.820
486357.940 3287846.150 409.870
486358.090 3287846.900 409.850
486358.960 3287848.440 409.870
486358.870 3287850.870 409.930
486359.000 3287851.840 409.930
486359.110 3287852.120 409.930
486359.130 3287852.220 409.930
486359.310 3287853.260 409.950
486359.490 3287853.680 409.960
486359.950 3287854.450 409.950
486360.020 3287855.040 409.950
486360.930 3287856.610 410.020
486361.460 3287857.710 409.920
486361.600 3287858.440 409.880
486361.960 3287859.740 409.910
486362.310 3287861.530 410.060
486362.510 3287861.810 410.060
486362.440 3287863.180 410.010
486362.800 3287864.660 410.130
486362.610 3287865.380 410.140
486362.680 3287866.230 410.120
486363.600 3287867.590 410.130
486363.620 3287867.720 410.140
486363.870 3287869.320 410.240
486364.500 3287871.390 410.220
486365.160 3287872.400 410.230
486365.250 3287872.760 410.250
486365.480 3287875.470 410.280
486365.450 3287876.530 410.210
486365.490 3287876.740 410.220
486365.570 3287877.330 410.230
486365.970 3287878.700 410.300
486365.990 3287878.910 410.280
486366.020 3287879.630 410.300
486366.350 3287880.570 410.300
486366.880 3287881.340 410.240
486366.920 3287881.730 410.280
486366.940 3287882.100 410.280
486367.280 3287883.440 410.350
486367.670 3287884.490 410.370
486367.690 3287884.710 410.410
486367.710 3287886.170 410.360
486368.100 3287887.140 410.380
486368.550 3287887.780 410.370
486368.510 3287887.990 410.420
486368.420 3287888.580 410.330
486368.400 3287888.930 410.400
486368.420 3287889.240 410.400
486368.750 3287890.160 410.420
486368.880 3287890.760 410.410
486369.030 3287891.310 410.420
486369.350 3287892.560 410.450
486369.480 3287893.330 410.460
486369.610 3287893.790 410.460
486369.830 3287894.710 410.510
486369.950 3287895.090 410.480
486369.990 3287895.350 410.490
486370.030 3287896.040 410.480
486370.200 3287896.540 410.490
486370.680 3287898.210 410.520
486370.750 3287898.410 410.510
486370.840 3287898.640 410.530
486371.000 3287899.400 410.520
486371.150 3287899.770 410.550
486371.360 3287900.440 410.530
486371.480 3287900.860 410.530
486371.550 3287901.180 410.520
486371.600 3287901.360 410.530
486371.640 3287901.480 410.540
486371.700 3287901.740 410.530
486371.780 3287902.060 410.550
486372.000 3287903.200 410.580
486372.120 3287903.510 410.570
486372.150 3287903.730 410.590
486372.460 3287904.570 410.570
486372.950 3287905.490 410.620
486372.930 3287906.360 410.660
486373.180 3287907.260 410.620
486374.130 3287908.570 410.650
486374.080 3287908.830 410.680
486374.000 3287909.310 410.690
486374.500 3287910.970 410.690
486374.530 3287911.320 410.670
486374.540 3287912.690 410.720
486375.060 3287914.140 410.700
486375.360 3287914.890 410.750
486375.640 3287916.460 410.780
486375.890 3287917.610 410.720
486376.490 3287918.650 410.760
486376.610 3287918.980 410.730
486376.680 3287920.130 410.750
486377.430 3287921.950 410.770
486377.620 3287923.220 410.780
486377.600 3287923.500 410.750
486377.580 3287924.190 410.840
486377.540 3287924.490 410.820
486377.850 3287925.800 410.820
486378.040 3287926.160 410.830
486378.170 3287926.640 410.840
486378.310 3287927.530 410.840
486378.630 3287928.340 410.850
486379.450 3287929.770 410.870
486379.630 3287930.470 410.880
486379.770 3287930.970 410.930
486379.710 3287931.360 410.920
486379.800 3287932.870 410.910
486380.100 3287934.380 410.920
486381.130 3287935.360 410.840
486381.420 3287937.020 410.890
486381.960 3287938.920 411.000
486382.090 3287939.820 411.080
486381.810 3287940.880 411.050
486382.410 3287942.910 411.040
486382.490 3287943.550 411.050
486382.460 3287944.170 411.060
486382.860 3287945.260 411.060
486383.010 3287945.540 411.110
486383.260 3287946.730 411.160
486383.480 3287947.610 411.150
486383.720 3287948.860 411.120
486384.120 3287949.900 411.130
486385.000 3287951.960 411.190
486385.200 3287952.230 411.140
486385.090 3287952.620 411.090
486384.660 3287953.600 411.170
486384.640 3287954.580 411.190
486384.650 3287955.110 411.200
486384.670 3287955.240 411.190
486385.900 3287957.050 411.260
486385.950 3287957.260 411.250
486386.020 3287957.470 411.220
486386.000 3287957.790 411.220
486386.190 3287958.710 411.280
486386.720 3287959.520 411.300
486387.150 3287960.300 411.290
486387.060 3287961.000 411.290
486387.070 3287961.330 411.270
486387.210 3287961.920 411.270
486387.370 3287962.570 411.320
486387.610 3287963.260 411.300
486387.710 3287963.570 411.290
486388.090 3287964.740 411.360
486388.120 3287964.960 411.330
486389.080 3287966.590 411.330
486389.120 3287966.960 411.380
486389.100 3287967.550 411.370
486389.250 3287968.230 411.370
486389.520 3287970.070 411.400
486390.230 3287970.830 411.390
486390.580 3287971.780 411.400
486390.730 3287972.270 411.400
486390.940 3287974.280 411.410
486391.090 3287974.730 411.440
486390.980 3287976.270 411.450
486391.050 3287976.600 411.450
486391.220 3287977.090 411.480
486391.500 3287978.030 411.500
486391.550 3287978.460 411.480
486391.920 3287979.640 411.530
486392.030 3287980.000 411.530
486392.130 3287980.510 411.520
486392.440 3287981.460 411.540
486392.480 3287981.710 411.540
486392.840 3287983.220 411.570
486393.070 3287984.050 411.560
486393.240 3287984.730 411.580
486393.700 3287986.590 411.600
486393.810 3287987.480 411.590
486393.940 3287988.010 411.600
486394.080 3287988.400 411.610
486394.180 3287988.620 411.610
486394.220 3287988.720 411.620
486394.360 3287989.080 411.620
486394.730 3287990.220 411.670
486394.880 3287991.280 411.650
486394.970 3287991.570 411.650
486395.590 3287992.600 411.710
486396.330 3287993.220 411.650
486396.000 3287995.160 411.700
486396.110 3287995.830 411.690
486396.220 3287996.760 411.710
486396.300 3287997.550 411.710
486396.420 3287997.970 411.710
486396.590 3287998.600 411.720
486396.560 3287999.100 411.730
486397.290 3288001.130 411.760
486397.350 3288001.350 411.750
486397.380 3288001.890 411.780
486397.530 3288002.710 411.780
486398.320 3288003.820 411.800
486398.610 3288004.160 411.860
486398.870 3288005.850 411.860
486398.900 3288006.090 411.830
486399.000 3288007.040 411.830
486399.740 3288008.130 411.850
486400.400 3288010.350 411.880
486400.540 3288011.040 411.880
486400.560 3288011.380 411.880
486400.540 3288012.590 411.930
486400.640 3288013.140 411.960
486401.580 3288014.670 411.990
486401.620 3288015.060 411.980
486401.610 3288015.540 411.990
486401.770 3288016.940 411.980
486402.260 3288017.750 412.030
486402.550 3288018.100 412.000
486403.030 3288019.710 412.010
486402.670 3288021.250 412.010
486402.730 3288021.640 412.020
486403.020 3288022.340 412.060
486404.060 3288023.980 412.080
486404.180 3288024.780 412.090
486403.970 3288025.590 412.110
486404.080 3288027.180 412.100
486405.250 3288028.320 412.080
486405.470 3288028.570 412.090
486405.790 3288030.680 412.130
486405.820 3288032.610 412.130
486406.790 3288034.230 412.130
486407.010 3288034.650 412.140
486406.970 3288036.520 412.200
486407.160 3288037.600 412.220
486407.350 3288038.310 412.150
486407.510 3288038.990 412.130
486408.170 3288039.940 412.190
486408.940 3288041.070 412.200
486408.800 3288042.270 412.260
486408.980 3288043.390 412.150
486409.100 3288043.900 412.180
486409.020 3288044.720 412.260
486409.350 3288046.330 412.240
486409.450 3288046.510 412.230
486409.680 3288047.180 412.240
486409.820 3288048.030 412.250
486410.580 3288049.200 412.200
486410.400 3288049.950 412.270
486410.570 3288050.980 412.290
486410.820 3288051.690 412.290
486411.050 3288052.770 412.320
486411.660 3288054.320 412.330
486411.850 3288055.210 412.420
486413.390 3288057.670 412.380
486413.360 3288060.040 412.400
486413.580 3288060.410 412.400
486413.490 3288061.440 412.410
486413.550 3288061.830 412.410
486413.800 3288062.560 412.450
486413.930 3288063.400 412.430
486414.070 3288064.010 412.430
486414.210 3288064.310 412.460
486414.510 3288065.270 412.480
486415.140 3288066.450 412.500
486415.820 3288067.190 412.490
486416.000 3288067.530 412.540
486415.680 3288068.990 412.520
486415.790 3288070.140 412.490
486415.940 3288070.660 412.520
486416.420 3288072.080 412.550
486416.550 3288073.090 412.540
486416.800 3288073.960 412.570
486417.530 3288075.240 412.590
486417.620 3288075.710 412.590
486418.060 3288076.890 412.630
486418.380 3288078.940 412.630
486418.890 3288079.730 412.680
486419.020 3288080.660 412.590
486419.120 3288080.930 412.600
486419.200 3288081.910 412.620
486419.610 3288083.090 412.690
486419.620 3288083.990 412.650
486420.720 3288085.980 412.720
486420.870 3288087.320 412.710
486420.900 3288089.720 412.750
486420.970 3288089.830 412.730
486421.510 3288090.820 412.770
486422.060 3288092.850 412.850
486422.460 3288093.310 412.820
486422.470 3288093.590 412.860
486422.480 3288094.390 412.880
486422.480 3288095.190 412.850
486422.610 3288096.180 412.830
486422.600 3288096.520 412.840
486422.620 3288097.460 412.850
486422.610 3288097.920 412.860
486422.930 3288098.980 412.880
486423.110 3288099.580 412.870
486423.290 3288099.950 412.880
486424.400 3288101.750 412.930
486425.460 3288103.450 412.960
486425.450 3288105.830 412.980
486425.400 3288106.550 412.960
486425.520 3288107.240 413.050
486426.720 3288108.570 413.020
486426.820 3288111.290 413.040
486427.620 3288112.950 413.100
486428.430 3288114.200 413.080
486427.920 3288115.270 413.100
486428.010 3288116.790 413.160
486428.300 3288117.820 413.100
486428.470 3288118.090 413.140
486429.350 3288119.450 413.170
486429.690 3288120.650 413.150
486430.050 3288122.730 413.190
486430.690 3288124.380 413.230
486430.880 3288124.850 413.230
486431.050 3288125.500 413.230
486431.280 3288127.630 413.220
486431.540 3288128.040 413.260
486431.610 3288128.630 413.260
486431.740 3288129.370 413.260
486431.820 3288130.850 413.230
486432.720 3288132.120 413.280
486432.510 3288133.510 413.340
486432.570 3288134.350 413.280
486432.730 3288134.800 413.350
486432.980 3288136.020 413.300
486433.090 3288136.330 413.330
486433.670 3288138.100 413.320
486433.880 3288138.940 413.330
486433.970 3288139.400 413.340
486434.050 3288139.700 413.360
486434.130 3288139.970 413.340
486434.410 3288140.590 413.370
486434.480 3288141.000 413.360
486434.640 3288141.430 413.350
486434.750 3288141.940 413.370
486435.610 3288143.150 413.390
486436.080 3288145.730 413.350
486437.280 3288147.090 413.480
486436.750 3288148.340 413.520
486436.580 3288148.900 413.470
486437.730 3288151.320 413.490
486437.620 3288152.920 413.570
486437.810 3288153.530 413.570
486439.110 3288154.970 413.600
486438.710 3288157.140 413.610
486439.460 3288158.720 413.630
486439.700 3288159.980 413.620
486439.720 3288160.410 413.670
486439.770 3288161.020 413.630
486440.830 3288163.190 413.660
486440.930 3288163.950 413.660
486440.940 3288164.580 413.670
486440.980 3288165.160 413.670
486441.160 3288165.800 413.700
486441.680 3288167.050 413.750
486441.950 3288167.640 413.700
486441.940 3288168.110 413.650
486441.890 3288168.800 413.710
486441.930 3288169.310 413.720
486442.120 3288170.160 413.730
486442.850 3288171.490 413.780
486442.870 3288172.820 413.780
486443.090 3288173.500 413.790
486443.210 3288174.180 413.800
486443.520 3288175.190 413.830
486443.750 3288176.170 413.820
486444.700 3288177.290 413.850
486445.050 3288178.780 413.840
486444.930 3288179.210 413.850
486444.830 3288180.600 413.860
486445.280 3288181.590 413.890
486445.950 3288182.470 413.860
486445.990 3288183.310 413.930
486446.580 3288184.520 413.960
486446.590 3288184.780 413.940
486447.190 3288187.010 413.940
486447.940 3288187.800 413.960
486447.930 3288188.260 413.950
486448.080 3288189.700 413.940
486448.070 3288190.920 413.970
486448.090 3288191.300 413.960
486448.390 3288192.930 413.980
486448.970 3288194.180 414.010
486449.080 3288194.530 414.010
486449.210 3288195.040 413.980
486449.340 3288195.350 414.000
486449.430 3288197.220 414.040
486449.880 3288198.000 414.060
486449.990 3288198.440 414.060
486450.090 3288199.860 414.070
486450.170 3288200.080 414.070
486451.050 3288201.600 414.100
486451.780 3288203.770 414.170
486451.840 3288204.180 414.160
486451.870 3288204.960 414.130
486451.930 3288205.190 414.170
486452.360 3288207.430 414.160
486452.570 3288208.230 414.150
486452.760 3288209.660 414.240
486452.850 3288210.620 414.250
486452.960 3288211.640 414.260
486452.990 3288212.500 414.230
486453.250 3288213.500 414.240
486453.540 3288213.950 414.260
486453.860 3288214.580 414.280
486455.040 3288216.300 414.320
486455.050 3288216.700 414.290
486454.910 3288217.750 414.300
486455.280 3288219.580 414.350
486455.520 3288219.980 414.370
486455.600 3288220.120 414.340
486456.630 3288221.810 414.380
486456.660 3288222.680 414.360
486457.020 3288224.490 414.390
486456.910 3288226.120 414.410
486458.180 3288227.980 414.480
486458.590 3288229.500 414.520
486459.460 3288232.250 414.540
486459.730 3288234.070 414.510
486459.900 3288235.210 414.570
486459.640 3288236.650 414.550
486459.770 3288237.320 414.530
486459.800 3288237.970 414.550
486460.020 3288238.630 414.540
486460.400 3288239.190 414.600
486460.620 3288240.040 414.590
486460.880 3288240.890 414.590
486461.080 3288241.580 414.610
486461.440 3288242.700 414.680
486461.500 3288242.840 414.610
486462.610 3288244.950 414.670
486462.750 3288245.090 414.650
486462.810 3288245.750 414.690
486462.930 3288246.790 414.680
486462.890 3288247.120 414.640
486462.900 3288248.530 414.650
486463.230 3288249.820 414.700
486463.290 3288250.120 414.690
486463.530 3288251.200 414.710
486463.800 3288252.060 414.730
486464.070 3288253.620 414.740
486464.240 3288253.960 414.720
486464.560 3288254.520 414.740
486464.660 3288254.980 414.780
486464.780 3288256.150 414.770
486465.520 3288257.240 414.810
486465.980 3288258.920 414.800
486466.110 3288260.180 414.870
486466.900 3288261.710 414.840
486467.350 3288262.350 414.870
486467.460 3288262.710 414.870
486467.520 3288264.590 414.880
486467.370 3288265.250 414.880
486467.500 3288266.300 414.850
486467.610 3288266.720 414.880
486468.280 3288267.680 414.890
